3 1923 4731
4 3526 3600
6 1510 1565
7 2967 5626
9 4997 9461
9 9197 9192
10 6510 2845
11 3945 754
16 7553 400
19 1440 9225
19 6413 1770
19 9960 5937
23 7424 3125
26 3401 6776
27 2379 5487
27 6279 4004
30 9450 7363
31 432 7627
33 4289 5887
39 2233 8398
45 4359 4952
46 3546 2745
51 8801 7904
51 3349 4084
51 5851 9340
52 7513 7282
53 4068 9198
59 6024 6891
61 5265 6665
61 3388 7181
62 4082 3594
63 1843 1104
64 2453 8041
68 2922 3899
69 3776 395
72 7637 4942
75 9820 5159
76 53 9539
78 7497 7048
78 7663 127
82 4003 3029
83 6425 9908
83 5180 7389
86 1995 2350
91 9881 1811
93 4191 9751
94 3630 6473
95 1653 3849
98 3883 5212
100 4902 7659
101 7743 215
102 2122 9245
105 4569 852
106 7131 2714
107 3894 9969
107 2672 5668
109 3678 6637
109 7799 4773
110 4722 7543
110 3292 8397
110 6890 3381
113 3290 8077
114 376 5034
114 1181 6899
124 505 4278
125 1951 7797
127 4481 6843
132 5049 5397
134 42 5745
134 3777 8497
135 4577 2667
136 4253 8061
138 315 2513
141 2307 240
144 8736 2047
146 7577 9320
147 3494 4353
150 4436 6241
152 1181 7074
157 4887 5150
162 3282 2785
162 4085 9944
165 1292 7338
167 5848 5532
170 8065 3206
172 7439 9454
174 5467 3428
176 1831 8309
178 4784 2280
180 5582 5693
181 6914 286
183 780 2153
188 3677 6213
188 219 2058
194 3397 4543
198 8248 424
201 4551 1057
201 1980 4010
206 974 1464
207 9542 6933
207 5189 6626
209 3296 7326
209 6317 3542
210 9183 3491
211 4599 4233
211 7605 8351
216 1168 8023
217 4862 1052
219 4986 4104
220 7719 1549
221 5638 2339
221 8803 5581
226 6431 6092
227 8860 2093
229 4824 9080
233 5987 3965
236 9805 5752
237 5214 5601
239 6680 7163
239 8868 9206
240 9178 9325
241 9407 7392
242 5280 713
243 7592 7233
247 352 784
248 9957 9169
249 9083 3896
249 9927 5824
250 7390 5724
250 7837 5162
251 7258 5173
252 2009 4439
254 463 3082
255 2398 7166
256 4264 1524
261 6392 852
275 2794 962
276 4915 4423
277 4324 1213
281 3784 2106
289 7644 6497
291 9654 8622
295 1919 2956
296 3840 8672
297 9370 6055
299 2635 3271
300 503 5806
312 9668 1482
315 3546 4213
316 8776 4171
316 4637 4977
317 6109 9550
320 7008 2500
320 9966 6374
320 8139 7170
323 9584 8303
324 8296 9296
327 4498 2799
328 6214 9484
330 5462 2330
335 1087 5213
338 3210 7944
338 3632 3211
345 2824 511
350 510 564
350 430 6855
351 1149 9827
352 6732 2107
353 2348 2210
356 2210 3455
361 3101 2120
364 2515 5581
365 3216 9007
366 7973 2774
368 6880 477
369 7170 9959
373 6954 2817
375 4256 1613
376 5779 7065
380 6759 8911
382 491 7446
387 7189 9013
394 4313 4030
398 2046 8874
399 7625 9890
399 1076 7823
402 1162 8539
403 4158 7820
404 9577 5718
408 641 758
408 2084 5745
412 8250 1665
412 8283 3620
414 258 3692
415 7561 8979
421 2542 8768
421 796 4234
427 7361 6020
428 8469 2914
429 4665 9891
430 7554 1793
430 7905 7129
443 9223 1019
444 9592 8035
450 7230 7397
454 8376 8581
455 9447 2392
455 5830 2289
456 5395 6449
456 7492 4735
458 9929 8459
458 4921 1858
461 4210 6678
461 5495 5050
466 7857 1845
467 5380 4361
469 5430 5354
471 68 9806
472 4552 5113
474 577 9924
476 4450 7114
478 766 7035
480 8510 2981
494 2832 9719
495 7260 5355
495 3550 5311
497 3140 6384
499 1721 2921
500 3815 9969
501 6931 1738
507 1911 9536
508 6103 5711
509 7214 3360
509 8406 8573
509 2095 9151
511 1214 1762
516 4316 2124
516 8402 1626
517 1963 4831
518 7000 9005
521 6754 1142
522 85 964
525 1021 6170
527 3064 4433
528 2608 7704
532 7240 5051
533 3015 3573
534 840 4280
535 9947 9834
540 6824 4782
545 7505 1295
546 2024 562
546 2336 8082
547 2822 5741
548 165 5874
553 1395 4395
559 6815 4538
560 9142 4548
560 4513 1971
562 7718 3633
566 64 9811
567 3621 6184
568 224 5732
572 3364 7965
580 3857 8293
582 7064 7013
582 6429 7404
582 5853 1826
583 8524 7457
585 5148 6005
585 9134 3800
585 4594 6582
587 6036 3705
590 9520 3566
593 9629 1463
596 1444 5481
599 5013 8483
603 9038 9929
603 9109 7698
612 8522 9315
615 2509 7485
616 8888 4944
616 6024 1090
618 782 9287
619 4494 9998
621 589 7768
622 5849 9194
622 2709 6869
623 5169 9890
624 6595 7849
629 4230 6670
632 4352 9969
633 7607 2335
633 4386 1948
635 6530 1176
635 1387 2775
638 3426 1186
641 6923 5671
642 1119 2141
645 5162 3203
646 6395 2775
651 3277 6201
651 3981 6713
652 1122 9604
653 6039 9799
653 3543 8210
654 6726 7010
655 8707 4652
658 6490 1110
658 2356 8490
658 2357 5162
659 1881 8789
659 6506 3291
659 684 3783
659 6138 9808
660 7898 3045
660 199 8921
661 2435 6082
662 278 1490
662 1427 4326
663 6183 4078
663 873 5144
664 892 3512
665 7073 7594
668 3577 3365
669 5299 3536
671 337 686
672 7558 994
674 9852 7464
674 2741 4212
674 3330 2381
676 1926 3787
678 4868 9566
684 8659 3604
685 651 1987
685 9729 6284
686 4503 9093
686 6100 3105
688 5191 1408
691 4376 3821
694 1606 4996
694 1207 3126
703 9572 4286
704 6212 7119
707 6416 6698
710 9678 4390
715 7148 7445
715 2679 1791
717 3363 6586
720 3430 928
726 7243 6396
727 1364 2098
727 9603 8843
727 457 8630
731 3277 9177
731 3159 9193
732 1153 8386
733 8003 3062
734 9171 8600
738 9604 6802
740 1120 2343
743 4305 3389
746 999 6010
746 4538 1978
746 4309 8456
747 4980 4576
750 8798 5740
752 5056 8937
752 7731 1334
752 9232 4575
753 7681 2833
756 4847 6397
757 1176 9412
757 416 6083
757 2462 7383
758 5566 6052
758 6127 8646
760 4346 2243
760 5467 4260
761 6469 4017
762 5588 8110
765 1818 6727
765 7184 1332
766 7696 9994
768 9643 4047
769 6130 4356
774 7481 2885
775 9355 3069
776 4408 3091
778 3893 7599
785 6186 1110
791 2876 6621
792 8222 2548
796 1467 4886
799 7036 7525
800 9759 8653
803 9711 6102
803 4702 3784
804 6510 7305
806 339 5960
807 9254 904
808 585 8170
809 9584 3636
809 1842 7692
810 5569 7103
812 1990 2393
812 1184 3975
812 4014 7898
813 2899 3307
815 8448 4856
816 5217 3363
820 1447 6801
833 2301 1470
833 6091 4563
838 1577 5826
839 5938 8558
839 4668 6742
839 9709 4373
841 1801 8378
841 6544 5251
845 4193 7749
847 1582 4692
850 8167 8682
851 1382 8717
852 331 4588
855 8984 900
856 1411 2399
857 8153 977
860 3512 3860
863 2285 6744
867 5252 7722
869 1518 6968
872 3888 3502
874 3501 6497
874 1785 6002
876 9685 2774
878 1886 5902
880 4424 8234
883 2889 8822
884 7707 1121
885 5577 7879
891 4977 8115
897 4160 2845
898 2816 1124
898 8872 4167
898 6582 7878
900 5726 7543
900 8584 7204
902 4824 1537
903 7374 2690
906 5108 4296
909 315 1660
912 9190 3939
916 7044 8740
916 4085 2167
916 3764 2826
918 9981 4925
919 8891 5352
919 9176 5798
921 8285 6292
923 4999 4379
924 2227 5902
930 5236 9931
931 9981 7285
934 7663 5382
938 7268 6260
939 5104 5442
939 2591 7844
941 9035 6710
946 757 8389
947 2299 8456
947 2934 9704
947 4742 5512
949 7212 7764
949 3651 7562
953 3608 7360
955 9262 5092
958 1017 2689
959 9249 2905
961 1926 1569
964 4155 8658
967 4461 6765
969 4515 6725
969 173 8578
970 4046 2195
975 9651 3293
978 5114 5800
978 2345 2536
979 4978 3327
979 6946 7147
980 9847 5145
981 6788 8888
983 9393 8890
986 7355 8693
989 9124 3314
995 782 1121
997 4194 3839
999 3404 3723
1001 3499 3775
1001 7868 7083
1012 8673 5285
1015 9538 6398
1015 6810 1689
1017 6177 3062
1018 9401 9204
1019 2194 2122
1020 1054 7252
1023 5529 7225
1023 4902 1220
1023 3566 2107
1023 6130 6951
1027 3848 2377
1028 8724 6494
1032 7636 1543
1033 9301 9159
1042 3655 7609
1049 1471 9676
1050 6300 6156
1052 9269 5906
1061 992 4972
1062 2349 4215
1064 8514 7629
1071 2989 1319
1075 5741 5140
1080 4800 6419
1081 8057 7559
1083 9355 5158
1085 8874 1306
1087 827 6125
1088 1197 5738
1090 1696 1262
1091 6497 7216
1096 9732 1185
1099 9793 9267
1100 5151 9858
1105 9134 1131
1106 3273 5490
1106 4321 3051
1106 1613 3718
1111 3813 5136
1113 2254 6578
1117 4926 2422
1117 8609 5534
1118 5355 9324
1122 6708 4539
1125 4433 1333
1130 8422 9258
1130 6908 3492
1132 6459 2687
1133 1290 7787
1138 8372 6040
1141 3861 9464
1145 5105 8193
1145 5554 7426
1146 6948 1617
1147 2970 6658
1148 6416 6553
1148 9750 6660
1151 5891 2654
1152 4504 7820
1155 3305 8441
1157 5353 7168
1159 6933 4679
1160 9555 3141
1161 8624 4100
1164 1812 3053
1164 7492 10000
1165 8427 1813
1167 8520 2887
1169 5309 1963
1169 3406 5157
1170 6919 5337
1171 1244 3566
1172 8218 2846
1173 9734 3351
1174 7226 8585
1180 8439 4485
1180 7007 3341
1184 116 2034
1189 9785 4588
1189 359 4131
1194 4416 2189
1197 5526 3054
1200 7713 8754
1202 7142 8447
1202 2710 1375
1203 4524 9058
1205 4223 9610
1211 9363 5745
1213 7437 6997
1214 5364 1702
1214 6890 8885
1214 5329 4317
1217 6396 4928
1217 5367 7996
1218 5005 8079
1219 6574 5674
1223 812 4419
1223 7297 9309
1226 5298 4551
1227 3366 3514
1228 4173 1339
1229 2008 7941
1230 1299 4261
1231 2726 4395
1233 5496 6373
1235 571 9196
1235 397 5055
1235 6384 5313
1238 3546 6816
1239 2781 2440
1240 3020 4317
1241 6398 6655
1241 5953 5990
1242 5623 9971
1243 9252 3708
1243 5018 2882
1244 2256 7749
1245 6694 9133
1245 3000 6498
1246 6056 1955
1248 5430 9659
1250 8130 7176
1253 6195 4339
1257 4510 8965
1258 8526 7305
1262 4914 9377
1263 9901 5567
1272 3485 5667
1272 3264 7888
1272 3219 5629
1272 509 7306
1277 7471 4687
1278 7526 2658
1278 7711 4271
1278 1028 2105
1281 9453 5557
1282 8947 5867
1283 183 8410
1284 6485 9788
1285 2252 2152
1287 2281 9017
1288 3124 9376
1290 1194 4086
1291 6063 6480
1295 2218 5322
1295 8152 5796
1295 8176 2378
1296 4241 7840
1297 829 3137
1298 9535 9302
1298 8854 5216
1299 4866 9519
1299 3419 8974
1299 7093 9232
1302 9096 1928
1304 5479 6422
1304 1423 7155
1306 1203 9906
1307 419 9245
1308 313 2886
1310 8049 4998
1310 8523 9911
1310 5581 2907
1311 3167 8978
1312 6637 8318
1313 6929 7191
1314 5117 8117
1314 2637 8591
1315 4026 3027
1318 9366 2464
1319 6906 8450
1319 5593 2473
1320 778 8951
1325 9660 8550
1326 7266 9036
1331 9598 5111
1337 9070 8874
1339 7206 3421
1339 1467 6296
1342 6636 4542
1345 9755 5243
1345 5800 6234
1346 4204 2498
1347 3979 6785
1347 6288 7491
1348 1221 5200
1349 4373 4281
1349 1961 3673
1350 5861 2409
1353 5495 2506
1354 2400 5934
1356 7499 5264
1356 3391 6534
1359 1215 1472
1365 9623 9588
1365 6084 4198
1369 5635 5690
1370 7584 2901
1370 8768 4583
1372 2656 6700
1372 1566 3069
1373 2233 6474
1379 3573 4184
1379 6588 5617
1380 6325 2852
1380 7807 7302
1381 3541 5512
1382 1411 8816
1384 1145 8211
1385 3192 6119
1386 8490 5752
1386 9589 5989
1393 2400 6732
1395 3354 6549
1400 6031 9295
1402 2391 2259
1402 2447 6326
1404 8826 5758
1407 9722 7189
1408 5721 6380
1409 6955 8046
1410 578 6524
1411 6959 2286
1412 1656 8592
1415 6469 3918
1419 7047 5760
1425 8924 5835
1426 9118 8103
1429 7443 2439
1429 2935 6096
1430 9568 6553
1432 8847 8273
1433 6092 2544
1434 82 7084
1437 5359 4854
1437 7679 8190
1437 3121 5094
1437 391 5765
1441 6642 4185
1445 2142 2070
1447 8718 2992
1448 4417 9947
1449 1304 4850
1452 3186 6727
1452 5025 6062
1452 3712 4902
1453 1328 7118
1455 6719 6508
1455 2688 3006
1459 8172 6309
1460 9848 7078
1464 3329 5781
1466 5327 2418
1468 1153 8506
1469 719 2604
1472 8764 2455
1472 3763 2435
1472 9510 2448
1473 9674 9760
1474 8998 6341
1478 1252 4029
1480 6090 7768
1483 4055 3220
1484 5154 4478
1485 3244 6850
1485 7909 5238
1489 3173 2077
1490 200 5917
1491 2946 8827
1495 7898 9591
1499 7858 1941
1504 200 8219
1506 4002 4295
1508 7724 6373
1509 6277 5956
1510 2615 2356
1510 6437 6122
1515 1544 9645
1517 1689 3689
1517 6696 3243
1518 7740 5671
1520 1749 3131
1522 2742 7147
1528 411 9084
1528 7648 3899
1529 5788 9879
1531 7681 6055
1532 8556 1843
1533 5329 7892
1541 905 4303
1542 9504 3409
1546 9745 8045
1547 3519 5278
1548 8896 4806
1548 8148 9845
1549 6542 2703
1553 7664 3550
1556 2204 9930
1557 8636 5140
1562 9138 2164
1563 1857 9154
1564 7741 9379
1564 9282 8828
1565 4501 4829
1572 6986 9793
1576 4304 8144
1576 7698 3498
1580 5094 6291
1582 3294 7957
1586 6997 3839
1590 5608 7827
1594 182 5995
1596 6965 3138
1597 1873 5788
1597 9303 3531
1602 2358 2200
1603 6871 3606
1604 950 4797
1607 4857 9771
1607 4293 2262
1611 9013 9016
1614 4533 9727
1615 4946 2455
1616 9592 5642
1617 8631 8978
1621 840 8981
1624 3284 6399
1625 9577 3631
1632 3113 1730
1634 757 2244
1635 2167 2694
1637 1392 4021
1639 7197 7650
1646 7538 3100
1651 7724 3436
1651 3729 8870
1653 1341 1869
1657 9915 3744
1660 911 6616
1661 4022 7321
1664 3770 6624
1669 1265 6974
1671 2056 9312
1678 2375 5214
1681 8915 2685
1683 6803 8737
1684 6597 4922
1685 6789 7963
1685 29 4061
1686 9809 1914
1692 2908 4005
1694 7689 2563
1698 3173 5024
1701 4376 7022
1701 8211 7397
1702 2242 5779
1708 6425 6229
1708 2368 5298
1712 3534 7442
1712 5163 9908
1715 262 4134
1717 3659 4052
1721 5191 9206
1724 1766 2723
1729 4616 9569
1729 127 7472
1730 3286 2357
1734 1447 4009
1739 2516 2209
1743 1434 2060
1743 3737 3514
1744 2856 6211
1744 106 5005
1750 7005 8518
1756 1173 2414
1762 2247 4799
1765 1658 4631
1765 4390 6282
1771 2176 3106
1772 8872 5495
1773 4656 3526
1775 3545 8509
1776 9677 9473
1778 8644 5612
1779 8616 4863
1779 3621 8828
1786 1653 7834
1786 3931 2735
1791 8950 8018
1793 1149 2536
1793 60 7054
1802 8866 6094
1806 4196 7548
1810 5047 5707
1810 4685 3062
1811 7191 3533
1811 2427 7128
1814 4297 7834
1816 1538 2789
1817 8703 6064
1818 2863 3236
1820 9916 5585
1829 6240 3890
1830 8926 9573
1833 475 7416
1834 7739 3982
1835 4950 7565
1835 8339 2925
1837 1770 8995
1839 9091 7099
1842 5933 8211
1842 2175 9830
1843 6871 4622
1849 7485 9974
1850 6828 3024
1851 5877 5454
1853 890 5060
1853 6110 8823
1854 9916 7177
1854 8093 6026
1854 6936 6213
1857 3443 3028
1861 7495 7199
1862 155 9025
1866 1749 5867
1867 4269 2089
1871 2416 5871
1871 6633 8016
1871 6166 4158
1871 7114 4901
1872 731 2601
1876 1338 6310
1877 5847 7683
1879 9254 6172
1879 726 5214
1884 1979 8442
1885 2944 9379
1886 8407 7669
1888 2285 9482
1889 2379 8001
1890 4870 4097
1891 4750 4586
1891 6274 6108
1896 3870 5125
1897 3503 9153
1898 1854 7216
1900 9754 5921
1902 3784 5349
1903 4152 3391
1912 8927 5738
1915 1847 5200
1916 9081 2249
1916 4436 3861
1918 1333 4104
1918 5939 6722
1920 2867 7137
1921 5368 4002
1928 9190 6273
1933 9157 5160
1933 7331 8010
1936 4068 6646
1939 8887 3275
1939 8599 2083
1942 2439 9341
1943 858 9307
1945 5659 6164
1949 3627 3031
1952 1855 6861
1954 5624 5037
1955 5553 2705
1956 552 3089
1965 6499 9319
1965 3957 8768
1967 4645 4605
1968 9668 7674
1973 6646 7707
1975 1788 8590
1978 2028 4863
1980 2734 7539
1984 5955 4974
1987 8753 4433
1987 325 3932
1994 1210 6062
1995 6462 7956
1995 3958 7838
1999 4024 2814
2001 9997 3966
2004 7590 5015
2006 1799 8993
2008 577 5253
2008 8013 4304
2011 1136 8392
2014 1888 9471
2015 2620 2810
2022 3050 2331
2022 3082 2758
2023 699 8370
2025 6604 5174
2026 2164 5476
2027 2721 8648
2032 8388 9232
2038 8062 8851
2042 2502 4546
2043 9998 7481
2044 2072 9726
2045 4194 3003
2048 424 4952
2049 2807 8461
2051 976 4596
2051 4901 7177
2056 2898 7710
2058 2183 6071
2060 5496 9238
2062 9391 2192
2062 1731 7550
2065 9872 2952
2066 5765 4184
2073 7185 8306
2074 580 3841
2075 7439 9302
2076 2833 7870
2079 3273 4784
2083 5773 6214
2086 6005 7676
2090 571 7307
2094 1843 9435
2095 7483 5118
2098 9345 5264
2100 1529 5517
2100 6794 5881
2103 6257 9059
2103 3771 9335
2104 4511 3728
2113 1101 4407
2118 4798 3149
2119 1831 6616
2119 4796 4754
2120 5865 2864
2121 9091 6911
2125 6368 3320
2126 1056 6490
2127 9245 5972
2130 5262 9377
2130 415 7505
2132 7765 6939
2135 1164 2781
2135 2207 9102
2137 33 6162
2138 690 2673
2142 2741 4778
2149 2643 5564
2152 6961 2700
2152 4589 8711
2156 3009 3006
2156 7024 2991
2158 326 8237
2160 4023 6784
2160 4981 5036
2160 2912 9849
2161 9057 2496
2161 2846 7433
2163 8838 5997
2164 8209 2754
2164 7187 8599
2164 9964 5618
2170 4168 7469
2170 1726 5282
2171 2684 3488
2171 6064 4041
2171 2787 5785
2171 4394 4425
2173 8631 2780
2175 7613 3800
2175 1949 5375
2176 5177 8980
2177 4436 9662
2184 1311 9334
2184 5389 4915
2186 2223 8912
2187 783 6923
2189 2296 5064
2189 5718 5656
2193 5153 5728
2193 8296 6010
2197 1500 6050
2198 8459 9856
2201 1335 4964
2203 3613 7142
2204 6526 8752
2206 7690 6169
2208 4410 5401
2212 4391 4790
2212 3293 9833
2214 6713 4671
2218 6187 7957
2220 5225 7584
2221 1999 9330
2221 9661 4833
2221 8852 4304
2225 4375 4562
2226 7385 7851
2229 4733 2895
2230 3041 6676
2231 2525 7658
2232 1831 8322
2235 4461 8492
2239 6080 5929
2239 6730 8518
2242 6889 3000
2243 3385 5595
2245 8665 9430
2247 4799 9775
2248 6092 9310
2248 4942 9087
2256 3501 5404
2260 2915 3573
2261 4623 5491
2262 77 5892
2262 7099 4792
2262 4157 9185
2265 1810 7671
2268 4793 2366
2270 9921 8834
2271 5691 6091
2272 6662 4249
2273 5401 4766
2276 6064 3174
2277 2355 7392
2278 5016 3968
2280 1512 4464
2280 7661 6247
2281 8865 3339
2282 1560 9013
2283 3753 8966
2284 5944 4944
2285 533 6070
2285 1364 8710
2285 5626 6429
2285 2292 2984
2287 7904 9283
2288 6984 6282
2294 1007 7382
2294 3198 2472
2296 4531 8770
2297 7460 5466
2300 915 7819
2301 7506 7369
2307 3884 4972
2309 1656 3913
2313 2378 3710
2313 4689 3778
2314 6795 3977
2316 9215 9455
2317 2741 3645
2318 6570 9106
2318 2511 4010
2318 8593 2800
2319 9647 7365
2324 6316 2834
2325 2755 3334
2328 1063 4227
2329 4582 6838
2330 1840 3962
2331 9133 5729
2331 79 2729
2331 6753 7643
2332 7542 2922
2334 6831 3170
2335 8934 5371
2335 7512 4920
2338 1301 2629
2342 5499 5513
2347 6193 9751
2347 5840 2662
2349 2127 9811
2363 4093 7174
2363 3108 5269
2365 4459 4537
2368 6881 2873
2369 5763 4423
2371 5033 7968
2371 7702 7722
2380 8084 8061
2380 3429 8288
2380 3299 5292
2381 3755 8114
2383 9487 8599
2383 3184 3767
2384 9988 7944
2385 3968 5955
2386 38 8971
2388 2588 9545
2392 4796 4688
2393 8641 2971
2393 5068 7219
2393 1933 7709
2394 7991 3426
2395 7111 9669
2395 8203 5348
2395 7955 8887
2396 3964 7860
2396 9021 9695
2396 1050 4628
2400 6061 5224
2402 7509 3661
2403 5268 4391
2403 4973 4979
2403 1125 6802
2404 6486 2761
2404 7795 7752
2404 656 3410
2406 1098 4903
2411 8741 7968
2412 5213 7234
2415 2296 7597
2415 950 8240
2416 5849 5442
2419 84 5964
2420 4483 9294
2423 8517 5740
2424 9519 9060
2426 3388 7448
2426 2437 6030
2427 4752 4161
2430 4511 8488
2434 7664 8542
2436 1408 3830
2436 8950 4598
2437 9377 8047
2437 1587 9317
2438 7018 2807
2439 6464 2511
2440 4749 7594
2442 9341 4074
2444 6983 3738
2445 4715 5275
2448 8247 7651
2449 8159 7583
2452 632 5952
2456 7174 7123
2457 1156 5894
2458 2492 6141
2461 9466 8258
2461 3184 6321
2465 7628 8216
2468 468 9022
2471 5192 8715
2471 1494 9905
2471 3145 3052
2473 1458 2976
2474 3195 5652
2478 5217 6259
2479 3943 4207
2480 9460 2765
2481 3477 5563
2482 170 3222
2486 2948 4884
2488 3159 9994
2491 5741 3149
2491 8474 9490
2492 1605 9562
2495 768 4286
2496 4322 7699
2498 9375 9322
2502 3473 7512
2502 3206 6561
2502 5367 4796
2506 7697 9977
2507 4003 8705
2509 2865 8828
2510 9634 6194
2511 6693 4717
2511 3134 7930
2513 8697 3550
2515 3783 3705
2515 9433 8118
2516 9836 5698
2517 3530 9178
2517 8896 3368
2517 1952 5665
2518 6571 7205
2519 6486 7233
2522 6616 7822
2525 4398 3485
2530 9284 6918
2532 304 3763
2534 9522 7977
2537 4915 4273
2541 569 4604
2542 8969 6903
2544 5987 8688
2545 9865 3311
2547 2438 6554
2557 3974 2722
2559 7860 5542
2559 498 4144
2561 874 6271
2562 5143 9802
2564 2361 8259
2564 1813 6352
2567 2508 7640
2572 1497 3888
2572 810 6983
2572 5813 9631
2573 4231 4927
2575 5878 2934
2580 1019 7344
2581 1323 4072
2581 8646 5720
2582 6426 4892
2587 8489 8752
2587 2869 9652
2587 4977 8578
2588 6473 4133
2593 8855 2840
2593 1974 8265
2593 3709 5804
2594 1449 9579
2596 9470 3368
2599 6016 9499
2600 2147 8392
2600 1617 8627
2600 8889 9371
2603 7189 6607
2603 9230 6603
2603 1783 9224
2606 6275 3669
2606 9643 2875
2609 4853 2859
2611 7063 7499
2613 72 6780
2614 2487 5407
2615 7855 3781
2616 5845 5846
2616 6843 4576
2619 306 2775
2620 2245 8943
2621 6154 6187
2630 9049 9908
2630 1820 6197
2631 8154 9343
2632 6681 4105
2633 9570 7258
2635 351 9935
2638 155 8865
2640 7178 7357
2641 9749 9704
2651 7287 8372
2654 2911 3023
2654 2986 5436
2662 7850 4230
2663 2554 7677
2668 4300 7950
2672 9524 4536
2673 4309 7335
2674 5021 4197
2675 8902 5951
2679 2338 5048
2679 3119 9916
2682 4266 9447
2689 9034 6896
2690 7442 6228
2693 5583 2781
2696 2576 8134
2698 9901 3396
2699 5627 3589
2700 7263 5637
2702 3128 7930
2703 1131 9951
2705 7062 4975
2707 4392 5328
2707 9271 9698
2708 3032 8537
2711 576 7711
2713 1470 7132
2713 6332 9211
2715 2986 4762
2717 9666 3431
2718 2259 3863
2718 693 6973
2721 9462 5319
2722 9027 6851
2725 8417 4632
2726 8728 5684
2728 4724 5697
2729 3726 4366
2730 8931 5488
2732 3379 6480
2734 3110 9463
2734 9854 4033
2735 7220 9500
2740 4654 4462
2744 1798 6801
2745 8395 3590
2747 4104 4681
2748 8088 5442
2749 3293 8189
2752 6837 7612
2754 4531 4894
2755 8289 8020
2758 8210 4672
2759 5174 5391
2760 3238 9998
2761 3140 9591
2765 9344 4841
2765 8666 5869
2769 3341 5911
2769 8530 7277
2772 7617 6721
2773 9937 5956
2773 5249 9762
2773 1549 9445
2777 9955 9350
2780 1961 7184
2780 5753 5129
2785 6361 8026
2785 5390 8438
2793 6859 3735
2793 3663 5248
2794 5101 7710
2794 5491 4853
2795 7782 5844
2796 2792 8436
2797 1971 4545
2798 5254 9064
2809 2446 8688
2815 1523 4220
2816 6044 8151
2818 1209 9601
2822 2940 4826
2827 2753 4230
2829 7006 8756
2830 1981 6669
2831 3485 7509
2832 2325 9170
2836 5094 3779
2837 1514 7160
2838 4743 9515
2842 7997 6823
2842 1088 4226
2843 884 9150
2845 8582 6915
2849 3000 9687
2851 7642 5550
2853 7519 8461
2853 1144 6638
2854 9025 5180
2856 2225 6810
2857 2139 5478
2857 562 8022
2866 4385 3002
2868 851 8373
2869 4518 6289
2870 9055 9599
2871 1486 5466
2872 2940 6627
2875 9173 5992
2876 9240 6420
2880 8842 4686
2882 3401 8346
2884 8839 5592
2884 4815 5863
2886 6447 7236
2886 3820 8706
2889 532 6191
2889 7764 4198
2894 9872 3796
2895 8136 7044
2897 5517 6490
2898 7864 8800
2901 8734 5723
2906 406 7436
2906 4066 5822
2906 204 3265
2908 6632 5284
2910 811 6658
2912 8593 9003
2919 991 6871
2921 5692 3894
2929 3592 6047
2930 3616 9885
2930 7827 6986
2931 7533 6794
2933 6477 7475
2938 9476 7525
2941 6218 5135
2943 6422 4882
2946 6836 3947
2947 7166 3059
2947 503 3935
2948 1601 9366
2952 1685 9039
2954 1034 9306
2954 4878 6429
2955 4960 8265
2967 7991 4811
2969 7210 9521
2979 1865 4803
2979 147 7738
2980 5325 9284
2983 5469 6427
2984 6562 3900
2986 19 9988
2990 7155 4498
2992 3103 5742
2996 9322 3753
2996 6936 9092
2996 3917 5574
2999 7279 7784
3001 3032 4687
3001 952 5026
3002 1272 5230
3004 9143 7668
3004 182 3259
3007 3460 9834
3017 6581 9089
3020 4600 8066
3024 4466 5201
3029 5694 6838
3032 7151 8321
3032 3524 9932
3034 7395 6092
3036 9336 7846
3038 3554 6100
3038 8567 5055
3038 2866 7346
3042 2122 6273
3044 1366 5392
3053 4477 8706
3054 5075 4536
3055 5640 3641
3058 6667 8681
3060 7319 9964
3062 1327 9967
3062 5708 6480
3064 2446 5377
3064 1824 5415
3068 5820 7016
3072 1120 6437
3075 2191 6009
3076 2642 7236
3077 1235 3345
3078 5381 6746
3079 4817 7567
3079 2313 4239
3080 6477 4701
3083 8998 6701
3088 5343 9496
3088 6366 7978
3090 2701 9384
3090 4454 8954
3091 2787 7379
3091 833 8869
3093 9511 4905
3093 3394 7078
3093 5180 4156
3098 5175 4288
3098 1585 6916
3108 4772 4400
3112 8832 9428
3113 3163 4718
3115 977 5855
3116 8088 5448
3117 5818 6672
3119 8643 4161
3120 2257 7281
3122 6294 4970
3123 6966 9800
3125 9546 9207
3126 4754 7160
3129 1497 5683
3129 5 8712
3131 6989 4388
3139 6144 6653
3140 725 8723
3141 7171 8867
3142 3603 4814
3143 4099 7439
3144 2780 4071
3147 4471 3262
3148 8532 9528
3152 7690 7485
3153 4376 7553
3156 2317 5886
3158 2096 3426
3159 2286 4848
3170 2211 9927
3172 274 3588
3173 3179 8239
3180 7747 4406
3183 6894 7527
3189 1252 4768
3191 2774 5675
3192 9999 4123
3199 4420 7490
3199 5762 7772
3203 6534 7017
3206 8038 8860
3207 8114 6588
3210 5906 5674
3211 1549 9545
3213 3258 7004
3217 4755 9978
3218 7064 4002
3218 1288 8206
3218 791 8187
3222 994 8545
3223 9033 8689
3225 9763 3446
3225 5704 6311
3226 5086 3442
3229 2846 3827
3234 6277 4651
3235 4436 8822
3236 7897 7916
3236 5211 5434
3237 6945 6578
3237 4257 6796
3243 2045 3608
3244 513 9389
3246 7646 5286
3246 9573 4366
3248 7799 4978
3250 8648 6101
3251 5492 5213
3252 9641 8753
3253 808 5718
3253 773 9419
3255 9143 3290
3256 7282 7688
3256 3102 6227
3260 9427 6296
3261 2650 5711
3262 9656 4343
3262 3426 6224
3272 7974 5747
3273 4436 7299
3273 6899 6911
3275 1953 9445
3275 2683 5963
3279 3558 3559
3281 3979 9934
3285 4249 7422
3285 85 5479
3288 3179 4173
3289 9479 6018
3290 7741 8404
3290 1002 5591
3293 2263 3622
3293 7264 5493
3293 1305 5801
3295 9451 9362
3296 279 3587
3299 4177 8794
3299 2100 7880
3300 4511 3743
3305 947 9468
3312 5341 5520
3312 6697 3775
3314 2925 6737
3325 2181 3467
3327 9965 5939
3328 1504 9907
3328 2457 6293
3329 4367 5669
3330 8337 4542
3330 3870 6649
3334 5962 3440
3339 1997 7228
3339 4311 4389
3340 7631 6260
3340 1901 9598
3344 6326 3719
3344 552 8916
3344 529 6200
3347 6128 4178
3347 8054 9741
3348 7577 4631
3349 1815 4547
3354 3069 4291
3356 8277 8873
3357 7487 7743
3358 6707 7757
3359 5447 6774
3360 707 8583
3362 1266 9310
3363 2592 9995
3363 3717 7973
3364 6800 3706
3364 727 5468
3365 4977 6531
3366 9417 8843
3366 4114 4183
3367 9475 4256
3371 9476 9549
3372 3777 3824
3372 3059 5275
3372 7556 8297
3373 3641 8669
3376 8558 7923
3383 4365 5833
3384 397 4556
3385 4888 7092
3388 9443 9469
3390 2349 4448
3394 384 4903
3395 104 3932
3397 4512 5867
3398 5587 6792
3412 1379 3757
3414 9696 5466
3418 2488 8916
3418 1904 3989
3418 3292 7477
3419 7088 4620
3422 3939 5282
3423 3058 6226
3423 7126 9799
3425 8034 4915
3428 2242 8239
3429 3288 8925
3430 3176 4123
3430 536 5139
3435 4666 9719
3435 4134 8781
3437 7192 9503
3437 614 3608
3440 4614 9834
3440 2568 8242
3440 1801 7212
3443 4135 3728
3444 8475 8408
3449 2043 7560
3451 9997 9242
3452 5141 4343
3453 1881 5080
3453 4159 6870
3456 7180 7439
3456 736 8864
3457 309 7938
3457 478 8681
3458 3282 5316
3459 6681 3512
3465 1959 5247
3466 3006 5298
3470 750 7520
3470 5999 6487
3474 5119 8311
3476 5710 9621
3477 14 4321
3479 831 3824
3480 5865 8672
3480 9673 3757
3480 7534 7130
3484 1099 7914
3488 8388 4702
3491 3751 8464
3498 9742 8077
3498 9797 8662
3502 2777 7062
3506 4248 9723
3507 8823 5437
3507 9342 6184
3508 8996 6235
3508 4146 3883
3511 3804 3802
3514 9241 5848
3515 2821 4048
3518 5642 4106
3518 4346 6909
3518 45 6412
3521 6081 6092
3521 2693 9354
3522 7700 8925
3523 2548 8378
3523 682 4704
3524 8235 3982
3524 3934 7606
3526 2704 6280
3527 782 5605
3528 7333 5489
3534 2685 8962
3537 9736 3823
3537 5369 7483
3542 5776 4180
3544 1697 7127
3546 9620 8966
3547 6095 7690
3549 8795 5145
3556 3938 7850
3556 8801 3821
3557 8639 6523
3557 3481 8573
3557 5321 4734
3559 6561 8387
3559 5212 6694
3561 3454 7896
3561 6797 7404
3562 5754 7700
3565 8502 7366
3565 6773 3930
3567 2144 6737
3570 4171 9620
3572 2901 4098
3576 1319 8888
3580 7330 7757
3581 6768 9354
3584 1483 7053
3587 8697 7586
3591 1117 7416
3592 9850 8587
3595 7646 7569
3597 2582 7080
3598 1451 8958
3600 3157 4410
3601 2441 8103
3602 4924 7542
3603 530 8593
3606 3561 4218
3612 6493 7474
3614 8810 7266
3625 3780 6588
3626 6850 9465
3628 2424 4859
3629 4755 3830
3632 8913 4625
3633 8781 3874
3635 8221 6890
3635 4684 5477
3639 5934 3705
3641 4222 7682
3643 2113 7165
3645 7286 4843
3646 5883 8721
3648 886 8938
3649 8373 9984
3650 9524 5565
3653 3516 7585
3657 8758 4492
3660 5941 9753
3661 4469 8444
3661 9125 8399
3663 7726 4027
3666 5509 7991
3666 7534 7748
3668 3241 7043
3671 134 5240
3672 5482 4289
3674 6620 5168
3678 6695 5228
3680 9608 7816
3683 898 7775
3685 5420 6645
3686 1301 6561
3696 1268 4829
3696 7940 5091
3698 4319 6148
3699 5944 8453
3702 6485 4254
3703 9303 9424
3708 9911 6856
3711 5964 5179
3711 5612 8368
3713 1069 6283
3717 8675 6112
3717 594 8502
3719 8566 5711
3720 5981 8175
3721 8643 4573
3722 7390 7161
3723 5685 6477
3724 3928 8450
3725 2964 4738
3730 3311 5603
3731 1194 4572
3735 1395 5090
3738 429 7300
3742 2950 4743
3743 7334 8962
3745 4164 7231
3747 3092 4949
3751 898 7012
3753 8256 8348
3754 7303 9669
3757 30 8104
3757 644 9710
3757 5490 8124
3758 384 4593
3764 6289 7872
3767 7296 8965
3770 9047 7699
3770 8076 5765
3771 5568 9034
3772 6689 6547
3772 53 4701
3778 7255 4286
3780 7516 9561
3782 106 5037
3782 5560 7557
3782 2159 8708
3783 5496 5278
3783 2393 7461
3785 5025 4814
3790 7169 5750
3791 784 8469
3795 5469 8963
3796 9550 7575
3800 1645 5434
3802 3519 9985
3805 8427 4594
3807 3982 3914
3807 2168 5088
3807 7987 9561
3814 3911 8757
3814 2102 9069
3817 9199 5153
3820 890 6898
3827 6992 9239
3827 3084 7725
3828 3703 7360
3832 7849 9800
3833 5195 5754
3834 4688 5736
3835 9617 5321
3837 7647 5819
3839 4959 7394
3839 4536 7867
3840 4666 5455
3843 7318 8248
3844 8504 4773
3844 6418 7741
3847 8549 9610
3849 9802 6116
3849 9439 7170
3850 4478 4095
3851 2777 5950
3853 4465 3858
3856 7209 7408
3857 7570 4806
3857 7446 5242
3858 7394 8705
3858 4770 8259
3859 370 6203
3863 9041 4637
3866 6142 9448
3867 2906 9182
3867 1558 7580
3868 825 4716
3871 1218 7023
3873 9229 4886
3874 8886 5297
3874 1255 3950
3877 9268 7410
3880 8029 8570
3881 3955 6509
3881 85 4428
3883 8769 8891
3883 8864 4640
3886 3182 4609
3892 5814 6440
3892 8593 6135
3893 9485 4848
3894 991 7262
3895 1267 8760
3896 5766 8216
3898 9934 9050
3904 4837 5931
3906 6952 5132
3906 2711 9742
3908 1708 8598
3910 2495 8188
3916 7106 8392
3917 8349 6358
3917 5712 8796
3919 1183 7920
3921 8062 9560
3921 5590 6279
3924 5950 7045
3924 5882 9098
3928 6322 9428
3932 1738 9467
3932 457 4240
3936 4852 4375
3941 4415 5337
3941 7148 7154
3942 8057 6523
3945 8034 8125
3945 7587 4840
3945 1819 9335
3946 5355 5230
3946 2522 8125
3946 5242 9966
3948 3398 6581
3950 9070 6720
3950 9391 6933
3952 58 7600
3953 4559 8634
3953 8100 6367
3955 7259 8672
3958 7299 6744
3962 2800 6690
3963 2868 4586
3967 9109 6705
3970 2655 9759
3971 2738 4889
3971 5139 7745
3976 183 7840
3977 9923 9603
3978 2330 8570
3979 7667 4686
3980 5692 7424
3981 1859 6322
3983 1657 7350
3983 6186 6359
3986 324 6470
3988 4808 6168
3990 7067 4719
3990 4919 4583
3992 1440 4822
3999 8763 8523
4000 2261 5029
4005 2903 8010
4007 8489 5944
4008 3433 6285
4009 1537 7461
4011 2142 8299
4014 1327 7497
4014 7307 6550
4021 2534 5617
4023 9024 7940
4023 585 7623
4024 7865 5869
4026 306 6109
4036 4028 7213
4037 6567 6053
4038 4551 5365
4039 2627 5665
4040 1403 8067
4045 3318 8125
4057 5145 9806
4061 701 9980
4061 4213 7957
4063 1852 5367
4065 9134 6626
4068 8169 4127
4076 3904 5776
4077 3866 5761
4080 791 9739
4080 798 6934
4080 9236 4974
4081 4737 8981
4082 7297 8214
4085 2103 5144
4086 844 4987
4087 6221 7063
4092 9099 4842
4093 583 4542
4094 62 5276
4098 3915 9343
4101 5450 4390
4104 7360 7286
4111 2646 6430
4114 2002 5041
4116 2157 9612
4121 2126 9729
4122 485 6089
4125 3996 6428
4128 5163 7977
4129 1890 7504
4133 4848 5737
4137 5353 7870
4138 4497 9756
4139 6281 5291
4140 6260 7625
4141 9529 5434
4142 4374 6138
4144 3529 5949
4145 9634 7455
4146 5408 9872
4146 9075 7855
4146 5464 7254
4148 992 8171
4148 2293 9060
4152 9935 7051
4155 4286 7357
4156 8672 8137
4159 3467 4470
4160 204 4304
4167 8134 9796
4167 2638 9971
4169 4542 8390
4173 485 5962
4175 80 5849
4176 3069 8011
4176 7014 6176
4177 2153 6278
4179 6869 6928
4181 1355 4507
4181 5424 8194
4183 3095 9573
4184 4795 7232
4185 6729 9757
4185 5251 4610
4198 425 4216
4205 327 7849
4206 4543 7216
4206 3809 4864
4208 679 7821
4211 2675 9781
4217 672 7566
4217 1278 5944
4219 1128 4596
4221 6027 6620
4221 3124 4937
4223 4583 9783
4226 1560 9529
4232 5880 8031
4235 9293 7118
4236 1738 4987
4236 1057 8553
4239 793 4697
4243 787 8739
4243 4346 9854
4247 6363 7275
4248 8103 7236
4251 6683 7709
4252 3128 4256
4254 6134 5820
4255 1993 7611
4255 4854 5794
4258 5982 5672
4263 9762 6119
4264 3958 5704
4267 2670 4832
4267 2718 7490
4272 4357 5245
4273 1757 6500
4275 7386 5941
4275 3289 8098
4278 7342 8546
4279 5058 8291
4280 3852 8801
4281 6131 8239
4284 6378 8690
4292 6952 6868
4296 1109 6919
4298 2251 7285
4299 9399 4747
4302 4312 7380
4304 8047 6823
4310 8172 6287
4312 3697 4533
4316 4553 8755
4317 5397 9084
4320 9220 8929
4322 8112 7818
4326 7313 5937
4330 7417 9311
4336 721 7605
4338 8411 8689
4343 521 9420
4344 1619 7859
4345 8573 8713
4346 3661 9945
4348 9885 5970
4349 2772 6329
4349 9425 8390
4350 15 6400
4350 7591 7803
4350 9288 4533
4350 8662 9787
4352 4778 4447
4354 2658 8193
4354 2060 9136
4361 4233 9094
4361 6862 6245
4364 3310 6236
4364 9224 9437
4365 4645 7976
4366 6925 7133
4366 5852 6442
4368 7942 4642
4368 3568 8723
4372 8577 6472
4373 3500 6805
4376 4931 9320
4378 4966 5348
4380 2918 9061
4384 4386 9065
4388 8916 8479
4393 9603 7846
4395 7162 6601
4396 6171 5659
4396 1767 4695
4397 2690 8771
4397 92 7634
4404 5079 7020
4404 1850 5977
4404 1314 6174
4408 9330 7478
4409 612 8824
4410 6024 7676
4414 2823 6465
4418 5115 5799
4421 5370 7058
4421 2166 5993
4422 6781 9008
4422 8384 7148
4424 3104 9138
4424 8718 9140
4426 3342 5463
4432 2934 8804
4432 8796 6196
4433 1618 4756
4435 8073 6911
4438 462 8216
4442 3599 5773
4443 5952 4950
4443 8819 7120
4443 5448 6586
4444 3005 9647
4444 3744 5756
4446 1851 4763
4448 4960 7041
4448 3109 7349
4451 3241 7500
4452 5434 4895
4457 4948 5461
4461 9115 9675
4462 9722 7928
4463 7193 8697
4469 9882 7744
4471 1569 9206
4472 138 7144
4472 4785 7713
4472 7878 6058
4480 3238 6167
4481 9541 8731
4483 129 9355
4487 1888 6616
4489 1592 4550
4495 8117 7314
4496 9045 9831
4497 4026 8229
4498 792 9687
4500 2073 9150
4500 5935 8953
4501 7074 6993
4505 6926 7014
4508 6208 9746
4508 5821 6544
4510 5916 5399
4513 1988 8507
4514 5986 7474
4521 7424 4921
4523 4166 7086
4524 4420 9912
4525 4781 5212
4526 2890 7599
4528 7396 6020
4535 3250 9939
4536 5612 5091
4538 732 5734
4539 3616 6407
4539 1924 6328
4543 58 6839
4544 9541 9170
4546 5954 8154
4546 9880 5818
4547 1848 8648
4549 1934 6542
4554 835 8247
4555 7295 8276
4561 8375 6159
4561 9085 7289
4562 4035 7135
4566 2324 6673
4566 5244 6249
4568 1378 8849
4569 4877 9585
4572 1350 4668
4574 3787 4612
4574 6361 6289
4576 4807 5074
4578 1817 6335
4579 8521 7390
4580 3665 7974
4581 1916 5391
4581 7749 9694
4583 4538 7948
4586 3689 7696
4587 762 9290
4588 7685 6017
4589 4407 5454
4590 516 8147
4592 7325 8832
4592 837 6735
4593 854 9656
4593 9120 5529
4596 4138 5563
4598 7959 7907
4599 1195 8396
4604 2522 9476
4606 5819 6548
4611 9626 6855
4614 7632 4945
4614 1611 7297
4614 1369 5893
4615 2805 7090
4616 5702 6100
4617 8096 7419
4618 9901 5225
4620 236 6861
4621 8821 7833
4622 2304 8418
4623 9731 9155
4626 536 6634
4628 9070 5639
4629 397 6839
4631 4550 9017
4633 9933 9153
4633 2881 9206
4633 8080 5369
4633 843 9778
4637 853 9208
4640 2133 7808
4645 6871 9079
4645 50 9106
4650 6829 9131
4653 514 9293
4654 264 5892
4657 8461 7694
4663 9722 4884
4663 3473 7559
4664 4977 8518
4667 3544 7335
4669 5961 9025
4671 4756 5690
4671 5559 8582
4672 3823 7078
4682 6899 6650
4684 1319 7632
4687 1140 7835
4689 3983 9638
4697 158 7693
4698 9596 8945
4698 9869 5741
4699 5568 8385
4700 42 7565
4700 6498 6543
4705 4902 6406
4707 2010 5293
4708 5721 7137
4708 4698 7619
4708 2307 9127
4709 4213 8256
4711 1740 7109
4713 7685 5796
4715 1218 7011
4716 1788 5663
4719 2762 7216
4720 2724 4731
4720 5886 8966
4721 3578 7196
4721 3642 7379
4723 3289 8729
4724 777 6050
4724 5894 6054
4725 1594 4921
4725 196 6370
4725 3528 6419
4732 3628 6374
4733 9988 4801
4734 6470 8488
4735 9124 5226
4735 9187 6920
4736 7207 9241
4738 1652 8235
4738 8093 7863
4738 1004 7617
4739 9572 6767
4740 7118 8430
4741 2788 5036
4741 5943 9162
4745 6162 9384
4746 8781 9161
4746 2471 7752
4748 9393 9110
4748 895 5860
4750 8730 5182
4752 7832 7878
4753 132 7483
4756 652 4913
4757 8835 8697
4757 1042 6894
4759 5719 9557
4759 1470 7117
4760 9314 6691
4763 7082 9458
4763 1632 9972
4765 3752 8993
4766 8601 7428
4769 9438 5937
4771 8355 9415
4775 5793 5298
4775 820 4957
4775 3824 7825
4779 2378 8417
4781 152 7472
4786 8332 5970
4786 6129 5686
4789 9749 7703
4790 5419 5010
4795 7316 8744
4796 2588 6408
4806 4566 5918
4811 9144 4896
4811 6839 6388
4816 2919 8483
4817 4931 8348
4818 3614 5086
4818 7730 4877
4819 1951 8216
4821 2979 4825
4821 7758 7771
4823 2889 9346
4826 3394 6364
4829 3212 7688
4829 276 6392
4830 7161 8872
4831 3504 5366
4832 7954 4894
4836 5915 5989
4837 8080 9809
4839 1855 7486
4839 7668 7699
4840 3138 7310
4841 4080 7722
4841 4762 8108
4849 4119 7485
4857 639 5458
4859 242 8761
4862 1733 8637
4864 7373 7469
4865 2980 8501
4866 7497 7515
4874 5550 5984
4878 9230 5340
4878 6887 6854
4878 6187 7949
4880 3432 8426
4882 7772 8075
4884 9738 6871
4887 5157 8070
4887 7570 7610
4888 8400 7153
4889 9087 9501
4891 7482 9632
4891 8017 9414
4892 6425 8127
4894 8649 6852
4895 7279 8969
4896 8400 9444
4896 8956 5269
4897 1086 8515
4907 544 8037
4909 3728 8253
4909 5791 6022
4916 4294 9019
4928 3315 9411
4931 7089 7372
4937 854 6891
4941 3658 8999
4948 2678 8014
4950 9733 9040
4950 6180 9260
4952 2743 7237
4954 399 5109
4956 5300 9978
4959 4713 9274
4959 7408 7975
4961 8928 6836
4962 6596 8796
4965 9620 6769
4972 3684 7339
4976 6252 7545
4980 8914 8343
4980 6320 8742
4982 9814 5529
4983 7222 6390
4985 7082 7960
4989 1968 9978
4990 9751 5906
4994 263 5647
4995 545 9567
4995 6098 5953
5002 2883 5809
5006 7535 6164
5009 8899 5215
5010 4617 8763
5011 2464 5017
5013 7415 6814
5015 2808 9488
5016 5271 6766
5018 4271 9957
5018 3435 5768
5020 1737 8787
5020 9754 6256
5020 4490 9024
5026 7875 5623
5026 6685 7725
5027 2192 8161
5027 6816 5252
5033 9494 8172
5034 7183 8475
5038 1810 8633
5042 8120 5552
5044 6051 5603
5044 8848 5887
5045 3214 7697
5046 4315 5142
5046 2270 9030
5047 1135 7422
5047 8337 9167
5054 256 8624
5055 8043 6485
5056 9174 5120
5058 4613 7719
5058 3651 9133
5059 5841 8920
5060 9772 5882
5060 5624 6918
5061 6140 9101
5062 5522 7717
5063 8058 8317
5068 7141 6444
5068 2613 5576
5069 1157 5581
5069 3596 8411
5069 5197 7630
5070 2038 5269
5072 5529 8583
5072 9263 9911
5074 61 6780
5074 1329 6340
5076 4615 9168
5078 2628 8255
5080 3249 5361
5083 652 9231
5087 8532 5866
5088 8571 6475
5094 3964 5924
5094 8381 6595
5094 1371 8521
5096 7055 5953
5098 1217 5493
5099 5097 5153
5108 1060 9352
5109 6425 5963
5110 6981 6172
5111 1614 8582
5114 4569 9874
5114 1886 7444
5114 6293 8237
5115 9331 5544
5123 2227 7555
5124 4329 9038
5125 4578 6326
5126 8713 9421
5128 2026 9999
5129 6781 6870
5130 20 8901
5134 7695 7437
5136 1328 5926
5139 5148 5554
5142 8494 6962
5143 4627 9735
5145 7327 6054
5146 6364 9728
5146 6019 9442
5154 7845 6456
5158 6574 8352
5158 5647 7097
5165 93 6822
5166 8066 7328
5166 3169 6000
5167 3818 6203
5169 2960 5793
5169 9708 8840
5170 8062 5686
5170 4400 6832
5174 7918 6684
5174 3951 5641
5174 4808 5835
5174 3198 7293
5175 7381 8473
5175 2545 5216
5180 3069 6138
5181 9821 9391
5182 9699 6297
5183 1038 8620
5188 4878 9071
5190 968 7271
5191 4219 8421
5191 7441 9413
5191 3393 6473
5192 2865 6201
5194 7739 7869
5195 9465 7037
5195 5483 6640
5196 1976 9527
5200 5056 9472
5207 1831 7993
5212 8066 5573
5214 2660 7375
5214 393 9664
5215 2938 6960
5215 2188 9868
5216 7588 6506
5219 4793 9319
5219 8030 5899
5222 9277 9165
5225 6344 6626
5225 2374 8703
5229 4416 6835
5230 5644 9347
5230 4606 5344
5231 4994 6805
5232 2307 5403
5235 1944 9361
5235 8856 9381
5242 4024 7881
5244 3085 5886
5245 2684 7904
5255 1643 9919
5259 2050 9047
5263 4456 5884
5264 8833 7373
5265 7845 8961
5267 81 8004
5273 8413 6992
5274 7110 5739
5276 282 9567
5283 4309 9584
5285 1828 9738
5286 9426 9587
5286 8619 7142
5290 2817 9257
5291 3519 6087
5294 5490 5817
5295 6202 6873
5295 7253 8694
5297 9564 9070
5297 491 7142
5299 8267 7296
5302 6576 6512
5306 2254 5648
5307 1855 6384
5308 7058 8099
5314 8659 5473
5315 2681 8242
5315 2862 9006
5316 8857 9929
5316 6829 8944
5316 3702 9878
5321 8911 9850
5321 2618 8278
5323 7818 8239
5327 651 5627
5328 758 6248
5330 565 9112
5330 6648 8112
5331 7661 6534
5332 6669 9740
5334 2059 9564
5343 6736 5655
5346 7399 7030
5346 680 7130
5346 7120 7561
5355 4242 6949
5356 6761 7226
5365 8592 9958
5370 3059 9739
5373 8412 7376
5375 6392 9788
5377 3689 6182
5378 2272 9348
5380 6298 6881
5382 9479 9215
5385 2263 9073
5385 51 5665
5386 2080 8946
5386 4496 8808
5388 2972 6449
5389 2177 9443
5390 9218 9288
5392 2060 9956
5395 1342 9586
5397 3396 8365
5397 7910 6800
5402 3846 8226
5403 3433 9795
5406 4918 6534
5409 1981 7585
5410 7551 5877
5417 7782 9743
5422 1953 8358
5423 1482 6378
5424 5489 9175
5425 5333 5731
5425 7658 6260
5428 8639 8564
5429 5865 8827
5430 573 5690
5431 6324 7166
5433 8183 5666
5433 3513 6204
5436 120 7263
5437 7473 6977
5438 8187 5651
5440 6218 8782
5441 6935 7038
5441 3642 5939
5442 907 5914
5445 7605 7138
5447 2258 8344
5450 1933 7286
5450 7309 8109
5452 2545 7525
5453 7479 5613
5458 7519 8036
5462 433 5857
5462 441 7754
5466 9325 7174
5468 5735 6171
5469 47 8898
5471 8145 6006
5472 2441 9606
5477 7868 7499
5477 8386 6894
5479 5906 5622
5484 131 7094
5485 2660 6342
5486 477 5869
5488 876 6011
5489 7209 7685
5493 2174 6002
5494 1102 7338
5499 6905 8390
5499 7198 7624
5500 4455 7576
5500 8593 6213
5502 920 7427
5503 227 9270
5507 9722 9697
5508 9657 8794
5508 2175 6291
5511 8518 8215
5513 850 6788
5516 9083 9715
5517 1337 7686
5519 4177 9306
5522 4321 5685
5524 681 9430
5525 6100 6422
5528 9376 9953
5530 649 5604
5530 2458 9643
5533 6273 8238
5534 7831 8344
5537 454 8028
5540 1764 9031
5544 3910 8734
5548 4919 6724
5552 3484 6323
5554 5057 8701
5555 8530 9792
5558 6841 8133
5561 1955 6071
5561 8315 9607
5564 8773 7239
5568 6667 8431
5569 3122 7578
5569 4860 9656
5570 6923 8724
5570 3701 8231
5574 8413 6938
5576 9146 7801
5577 6674 9979
5577 1888 9091
5579 8242 9240
5582 8625 8876
5587 4048 7137
5588 7222 9060
5589 2505 5719
5589 2336 9631
5590 4490 6056
5590 5218 8467
5590 1035 9609
5592 6006 7451
5596 6181 9832
5597 7524 7912
5600 4159 9176
5605 6635 5982
5606 5647 9656
5607 4597 8024
5607 8327 7003
5613 6696 9073
5614 5680 9838
5614 3320 6382
5615 3632 8215
5621 8519 6689
5621 4917 9517
5621 6935 6636
5623 8540 6341
5625 847 7212
5630 4367 5817
5632 6638 9273
5633 7377 9887
5633 3333 8452
5635 912 6057
5636 5803 8070
5640 1838 9543
5642 7519 6325
5643 5525 9870
5644 6761 7905
5646 4189 7015
5647 6214 7089
5648 2728 8924
5650 2921 9618
5650 9236 9658
5651 6009 6007
5651 4761 6956
5651 6239 8393
5652 8117 7258
5653 954 9702
5655 1160 6943
5658 7336 9062
5660 2718 7438
5661 8242 8338
5666 7000 6003
5667 6714 9398
5671 1535 6465
5680 542 8861
5680 4083 6553
5682 6129 8273
5685 4366 7473
5689 7468 6211
5691 1626 8115
5694 6685 7310
5695 2516 9435
5695 6015 7178
5698 4820 7350
5699 4343 9181
5700 3543 9699
5703 9797 6518
5709 123 9772
5710 2054 7555
5714 5550 9768
5715 8751 7701
5718 5522 9053
5718 5412 6837
5720 2967 7094
5721 6110 6634
5722 5187 5818
5722 7334 7712
5725 6750 7561
5730 4176 7360
5735 8327 8649
5735 8443 8339
5736 5858 9123
5738 9103 8921
5739 3979 9674
5739 3889 6961
5742 9956 6605
5744 8087 7821
5744 7420 8832
5746 4064 5965
5748 4205 6452
5749 372 9492
5757 7827 6060
5763 6761 7204
5764 642 6173
5765 9100 8096
5766 6278 9798
5766 1900 6125
5769 1920 8119
5771 6587 7872
5773 8075 9254
5774 9929 6119
5775 7305 9707
5776 9023 5866
5776 5516 7664
5777 318 6577
5777 1270 6407
5778 9583 6070
5778 2211 6960
5779 8244 7530
5781 3555 6918
5786 2788 6975
5786 8549 6441
5786 9458 6506
5786 5024 7590
5787 5439 6830
5789 8857 8120
5791 7489 6814
5793 4812 9236
5796 9599 8090
5804 2952 6614
5809 2307 7307
5811 7760 7333
5811 2903 8109
5811 5361 9043
5815 1429 7743
5820 3850 6714
5822 4155 9165
5823 1382 8232
5826 5653 6042
5828 5894 8182
5829 8648 8666
5835 5801 7824
5841 5097 9973
5842 7757 6010
5843 937 8402
5843 1882 7944
5844 4649 8637
5848 4485 7741
5848 7633 8174
5850 7207 6864
5852 3262 9668
5853 7323 6398
5854 4360 7888
5859 2822 9646
5859 9025 8911
5860 8187 7369
5860 6506 9777
5861 4888 8420
5861 7823 9169
5863 6513 9040
5868 9661 8649
5871 6067 6593
5878 3165 6769
5884 3736 7673
5886 1115 6943
5889 1120 8401
5892 9226 6468
5900 2658 9494
5902 998 9135
5915 1687 7826
5917 2089 8121
5918 419 9717
5920 6611 6627
5920 4228 7603
5924 9971 8475
5927 3479 6388
5929 6427 9771
5929 2073 7322
5933 9757 8415
5936 6654 9613
5937 2176 9674
5944 1739 8242
5944 5003 9683
5949 6896 8985
5949 2531 7543
5950 4854 8026
5952 8878 6756
5955 9194 7183
5958 9765 7837
5959 1010 6485
5960 9697 6955
5964 1088 8804
5965 6927 8006
5965 3858 8726
5974 721 6461
5976 930 6863
5981 1102 6972
5983 458 6363
5986 8840 8726
5987 1101 9092
5991 1290 6166
5993 4416 9872
5993 4322 8648
5994 3469 6265
5994 3911 8132
5995 2885 7662
5997 3363 9277
5999 9612 8776
5999 3534 6071
6001 6232 6502
6002 9984 8133
6003 4016 8180
6004 6446 7143
6006 7978 6386
6009 4085 7607
6011 2170 6973
6011 1 9788
6012 637 9106
6015 8663 6037
6015 134 8345
6016 5338 7064
6016 738 8050
6020 3816 6332
6021 2757 8814
6022 6533 8630
6022 4906 7690
6024 2206 9827
6024 3635 7003
6025 7929 7646
6031 2585 9128
6033 5553 9470
6036 8842 8095
6037 5999 7995
6040 3117 6368
6045 499 7809
6047 4262 6670
6049 6893 6070
6050 9192 8555
6050 3286 6963
6053 8774 9114
6055 4210 7705
6058 548 6472
6061 6685 8465
6062 2983 7326
6064 3393 7173
6068 1957 7561
6071 4515 9011
6072 3034 9083
6079 7599 9337
6081 5382 9499
6081 1032 6807
6082 7085 7115
6082 4946 7030
6090 7161 8780
6091 7239 9510
6093 7613 9869
6096 9018 7199
6101 6424 6907
6102 1093 8186
6105 9301 7919
6106 7232 8315
6106 9120 9821
6111 3255 7544
6117 6446 9739
6118 6732 6410
6119 4196 6975
6120 5729 7689
6122 6145 8359
6123 3112 7795
6125 4470 9093
6125 7514 8529
6127 6551 6669
6128 6616 8320
6130 9469 9933
6133 3546 7329
6133 1658 6561
6135 1651 9614
6139 1812 8750
6141 1189 8965
6141 159 7794
6145 2242 6606
6146 1770 9653
6149 3406 9676
6149 5887 6327
6150 8855 8452
6151 5699 9563
6153 7300 7591
6158 3825 9553
6159 9645 8234
6166 1844 9295
6169 3029 6641
6171 3115 6276
6173 6748 8125
6176 689 8255
6176 9194 6405
6179 8112 9139
6180 4670 7204
6180 5868 9187
6181 3402 6825
6182 8008 7635
6183 8256 9915
6184 8428 6928
6184 1671 6311
6185 102 8168
6189 7009 7383
6189 5654 9359
6190 1902 8419
6193 5837 8352
6194 8557 9261
6194 4175 9153
6196 6011 6279
6199 1792 6906
6201 2177 6375
6206 1201 7057
6210 1288 6850
6218 2781 9704
6221 9098 9179
6222 3878 8692
6224 1264 6529
6224 3412 9499
6225 4100 8210
6226 3686 9927
6226 1569 8610
6228 6975 6675
6228 8049 8753
6230 5734 8633
6231 6519 7125
6232 7517 9213
6232 4204 7256
6234 2763 9376
6235 9423 9085
6235 754 6650
6236 5832 9734
6236 8167 7476
6238 3301 9862
6239 2439 7145
6239 9594 7387
6239 3901 9078
6241 160 9481
6243 6587 6854
6243 9994 8495
6244 3774 6661
6244 1725 9229
6245 3910 9844
6247 5059 8174
6248 3327 9449
6248 3037 7375
6254 5826 9709
6255 5218 8542
6255 5022 6650
6255 2375 8681
6262 9470 8168
6267 9451 9491
6269 9459 8377
6269 8084 9432
6270 7981 6895
6271 1599 9033
6272 336 8757
6273 7917 8545
6273 2791 9066
6274 6286 7496
6275 9785 9054
6277 5433 6915
6279 5772 8397
6282 8542 9348
6282 9022 8030
6282 3943 7605
6285 186 7002
6286 7376 6886
6289 7342 8379
6290 7615 8166
6294 8851 7210
6297 5212 8814
6299 9278 9347
6301 9610 8778
6304 3150 7361
6307 3941 9146
6308 7450 6966
6310 2637 8281
6312 935 9288
6314 4596 9891
6316 470 9918
6317 9193 8978
6317 5616 6786
6317 4203 7366
6318 2078 7306
6319 4437 6904
6319 7241 8333
6321 5780 6347
6324 4454 8099
6325 8285 6688
6325 81 8504
6328 6857 9678
6330 7193 8501
6331 2048 9057
6333 3019 8745
6339 6883 9332
6341 8649 7542
6345 4562 8262
6345 4936 9988
6346 3049 7720
6349 7092 8495
6354 3427 8237
6355 9596 8056
6357 2121 9221
6359 6697 9531
6360 4133 7820
6361 9097 8034
6363 5887 9974
6367 7147 7694
6367 3536 6724
6368 9886 7630
6371 3492 7419
6375 8163 9757
6375 444 7543
6375 6578 6853
6376 4715 9618
6377 3054 9928
6380 6023 7416
6382 2516 6914
6383 6091 7393
6384 3623 9661
6386 147 9365
6393 9056 9307
6396 5169 7069
6399 77 6735
6402 7846 7305
6408 4618 7431
6409 9534 7357
6409 9934 7280
6410 7385 9687
6411 5709 6694
6414 21 9863
6422 7429 7329
6423 5840 7449
6425 5429 8482
6426 4789 6726
6426 448 7425
6432 6251 7829
6433 9053 6817
6436 6696 8861
6438 8263 8294
6439 5275 8692
6443 9536 7508
6445 3065 6651
6445 3219 7806
6446 4080 7460
6449 2475 7504
6451 7793 9068
6454 6789 8879
6455 4521 9966
6457 5361 6489
6457 1204 6555
6459 8548 6915
6461 6869 9496
6465 8194 9033
6465 9943 7993
6466 3084 9694
6471 8542 9286
6472 707 7847
6475 2646 8419
6475 7268 8267
6478 1498 9477
6485 7610 8990
6487 6395 9577
6487 2685 7442
6489 3785 9231
6492 167 8433
6493 5416 8455
6494 5881 7882
6494 2220 6797
6495 2211 6503
6500 7909 8594
6502 3652 7136
6503 1759 7093
6503 2005 8125
6504 3069 9660
6505 9768 7743
6506 9569 7067
6507 2450 6952
6511 4429 8082
6512 3169 9204
6513 7307 7637
6517 5392 7837
6517 9624 8774
6517 5043 9127
6519 7688 7814
6519 5619 9100
6521 7258 6772
6523 479 6791
6526 4492 8639
6526 1529 8195
6530 2198 7326
6530 2075 9974
6531 8785 9148
6531 7935 9924
6531 6648 9916
6533 3921 8073
6540 8518 8292
6542 806 9748
6542 742 7549
6543 2680 8088
6544 4245 7636
6545 5465 9170
6547 5515 8669
6550 9514 8696
6551 6188 8527
6553 2626 9229
6555 4888 7286
6560 103 7673
6561 1425 9346
6562 3863 6849
6570 53 8055
6573 7990 9239
6577 9127 6768
6578 5425 7021
6578 6802 6659
6580 2212 7948
6581 3250 6804
6584 7896 8202
6586 3938 7986
6588 1393 7505
6590 3565 8647
6591 4148 9433
6591 1619 9395
6592 3747 8152
6593 5250 9733
6596 6617 9547
6597 7849 7520
6597 9549 8174
6597 6016 7704
6599 2545 7440
6600 6054 8373
6601 5818 8121
6601 5925 8454
6604 2348 7213
6604 1366 7936
6606 7199 9645
6607 998 7563
6607 9579 6719
6610 8269 7256
6613 7048 9586
6614 9982 7221
6616 1145 7731
6617 8585 6874
6618 7456 9946
6619 2821 9669
6622 8040 9858
6624 7434 8780
6624 1963 8657
6625 6783 8534
6625 7633 8712
6630 5829 9626
6633 2906 8576
6635 3123 9999
6640 34 8737
6641 4679 8927
6647 9958 9572
6648 4815 7025
6649 8054 7949
6650 656 7385
6652 6355 7994
6652 6841 7173
6654 5565 9555
6656 3270 7737
6659 7671 8212
6661 1144 7794
6662 5510 9200
6662 2005 7109
6662 8865 9347
6664 6633 8127
6665 1047 9026
6667 8705 7729
6669 1838 9253
6670 6512 9691
6670 1809 9799
6671 9764 9137
6672 291 8236
6674 2067 7556
6681 9028 8086
6681 8101 7802
6682 9807 7538
6682 6524 7515
6689 9631 8088
6691 2184 7343
6691 1899 7343
6693 5584 9270
6693 8229 8980
6694 3025 9011
6699 8281 7795
6700 4043 9639
6701 7711 9093
6701 9357 8215
6702 1745 7884
6705 7699 7836
6706 5507 9852
6708 3339 7530
6708 8895 7722
6709 9117 9555
6711 5071 9953
6711 512 9161
6714 6554 9070
6720 9597 7907
6721 5193 8948
6726 1233 7970
6727 5251 7019
6731 1426 7618
6734 1298 8346
6738 9622 8465
6738 5472 9144
6740 3098 7026
6740 8861 9896
6742 5260 7471
6742 9850 6988
6745 5551 9037
6749 2528 7948
6750 1844 9089
6754 7364 9718
6758 819 8064
6758 1894 7896
6759 5152 9715
6760 7295 8739
6760 4832 7520
6761 3715 9646
6778 8523 6846
6779 7733 7420
6779 2018 7910
6781 2477 9568
6782 8419 7511
6783 112 7268
6786 7119 7076
6787 9508 9273
6788 134 9007
6789 7444 9704
6791 828 8560
6793 1589 6987
6796 7965 9514
6796 5664 9630
6798 9526 7420
6799 7512 7632
6801 2703 8506
6804 2533 9471
6816 1703 8557
6816 3007 6899
6816 9671 8157
6820 7950 9362
6821 5026 9963
6826 9077 8912
6826 4573 9137
6827 5819 9574
6829 2034 7173
6830 6670 9621
6830 7459 9060
6835 8672 9856
6836 9557 7301
6838 5032 6928
6839 3563 9502
6842 6706 7774
6844 7957 9168
6845 5915 7195
6845 6156 8705
6849 5163 9090
6850 3623 6948
6851 2721 9199
6853 1770 7070
6853 1102 8495
6854 4362 7772
6856 69 7916
6857 2887 9067
6857 7543 7550
6860 1044 9062
6862 4982 8871
6862 2951 9408
6863 4268 9995
6863 3332 6971
6866 4081 7903
6867 2804 7012
6868 3708 9052
6873 9374 7336
6874 1140 7123
6874 5179 8196
6875 7686 7384
6880 9082 7589
6882 1637 9788
6883 2948 9146
6884 7077 8297
6887 2345 7406
6888 4718 8081
6893 5326 8453
6894 8469 7722
6897 8931 7615
6900 4489 9448
6902 8502 7502
6903 3032 7228
6907 9097 7685
6907 7111 7667
6908 2776 7765
6910 6046 9441
6913 2941 8979
6914 8126 8815
6915 702 6979
6918 3144 7903
6922 4694 9858
6926 2455 8057
6928 3331 9882
6933 586 8512
6933 6562 7464
6934 5333 7228
6935 4520 8900
6942 6669 7163
6943 4164 8109
6946 212 8769
6950 6376 8160
6951 9653 8092
6951 9683 9212
6953 2220 8157
6961 5970 8772
6962 1624 9339
6967 2834 7593
6967 1974 8990
6968 7746 8456
6970 7849 7131
6972 1244 7424
6974 5677 8257
6985 5574 8969
6985 2776 8871
6986 8193 7499
6987 498 9136
6988 8960 8689
6988 7258 7902
6990 2242 7784
6990 757 8756
6990 9133 7417
6990 9903 8421
6994 9129 9760
6997 3287 7460
6999 232 8305
7000 5059 7770
7002 5785 7756
7003 6906 9682
7004 3875 9065
7005 1714 9834
7010 4401 7950
7015 1170 9530
7019 673 7422
7021 5214 7099
7022 2678 8639
7030 8701 7851
7035 4852 8416
7035 120 8586
7038 9905 7786
7039 3764 9344
7040 1175 7322
7043 3438 7701
7044 3542 9026
7045 1814 7328
7050 3861 9507
7050 787 8922
7053 2811 9722
7053 9165 7879
7057 8235 9419
7058 6205 7452
7059 7889 7769
7062 9793 8426
7062 3159 7183
7063 8687 8333
7063 2457 8121
7064 3640 7984
7064 8157 9191
7065 6974 7418
7065 7328 7939
7067 9762 9944
7072 9351 9065
7073 7203 9271
7075 9040 9083
7075 5125 7946
7076 3622 7308
7078 5061 7142
7080 8230 9500
7084 2814 8442
7085 5231 9404
7086 5155 9040
7091 8402 8601
7091 4844 8911
7091 8864 9957
7092 6518 7288
7093 2455 8042
7096 4464 7399
7096 6139 9882
7097 5541 8827
7099 3854 9056
7104 688 8831
7106 7892 9390
7106 7123 7643
7108 7760 9044
7110 453 7118
7112 7184 7793
7113 1063 8922
7114 3015 8704
7121 4158 8648
7127 7558 7971
7127 7377 7521
7128 3858 7837
7129 4584 9369
7133 2567 8164
7134 4997 8279
7141 3729 8049
7142 599 8601
7147 9334 8684
7148 7325 7168
7153 2664 8703
7153 9512 8907
7154 9103 8079
7159 9814 9888
7160 6142 9840
7162 5914 8977
7163 8063 9936
7163 8466 8980
7164 427 9311
7167 1387 8970
7168 2608 8788
7171 9587 9748
7172 8001 8510
7172 1364 8249
7172 9421 7473
7174 5261 8896
7179 2071 8640
7180 8944 8167
7181 7638 8347
7186 693 9202
7188 1961 7997
7194 6387 8979
7196 1099 8431
7196 5276 9301
7197 4117 8065
7198 8079 7895
7198 3702 7763
7199 9709 8398
7199 7846 9932
7200 9117 7462
7201 6354 9413
7202 2731 8507
7202 7117 7406
7214 9704 7285
7219 1642 9141
7220 1384 8656
7221 1244 7558
7222 5313 7741
7222 7863 9349
7224 5618 7371
7225 9068 8446
7227 9723 7544
7231 6522 9808
7232 6486 7584
7234 4496 8337
7236 3235 7310
7236 6729 9842
7240 4720 9611
7241 6560 8279
7246 1680 9895
7246 3756 7636
7246 3027 7466
7247 8470 9823
7251 8593 9183
7252 7343 7703
7253 6347 8171
7254 9888 7845
7256 6449 9844
7257 8002 7350
7267 6180 9419
7270 6311 7629
7271 9860 8978
7272 4265 9755
7272 4159 9270
7273 1731 7299
7274 7056 9985
7276 9040 7915
7278 1613 8419
7279 6183 9827
7281 3835 8330
7282 2548 7678
7282 4988 9086
7283 2320 9460
7283 1257 8967
7285 6279 7577
7285 3068 7470
7286 6192 8094
7287 3350 9019
7289 5509 9226
7289 3447 8870
7295 9254 9928
7296 4325 8056
7297 7335 8590
7299 9716 7972
7304 1117 7864
7308 1444 9648
7310 7428 8570
7310 904 8783
7313 6824 8922
7320 9590 8037
7322 9689 9374
7322 678 7437
7325 2605 7920
7327 6026 9773
7328 9885 9899
7329 5493 9265
7330 7069 8053
7330 4034 9902
7331 5813 9380
7332 6497 7838
7337 2638 9734
7338 8917 8155
7338 811 8893
7340 3416 7533
7342 7597 8745
7344 1499 9696
7347 9195 9580
7347 8214 8033
7348 8605 8721
7351 6039 8034
7351 4194 9070
7355 5877 7448
7358 1752 7427
7358 3937 7904
7364 5994 8905
7366 8695 9739
7371 2228 7436
7371 8666 9424
7371 2009 8200
7372 6979 9238
7374 2479 8472
7375 5196 7672
7375 3119 9871
7382 1154 9250
7385 1781 8381
7385 4296 7435
7386 9273 9786
7388 3638 9644
7388 3620 8073
7388 3520 9758
7389 2873 9539
7389 7850 7847
7390 4004 8069
7391 7727 8694
7392 2845 7410
7397 3780 8172
7397 5551 8624
7398 4045 9049
7401 9897 7514
7402 7982 8126
7403 7868 7419
7403 8600 7622
7403 3627 9949
7409 1300 9784
7409 453 9327
7411 841 9377
7415 8003 9170
7416 3387 8950
7418 7516 7514
7418 2004 8483
7419 1176 9224
7429 2806 9140
7430 162 9130
7435 1970 8560
7436 834 8969
7445 6259 8032
7447 4116 9199
7447 8512 9183
7447 1673 9674
7449 6096 8494
7453 4524 7650
7455 8679 9612
7459 8355 8077
7462 7846 9917
7464 8336 9949
7466 6129 9928
7467 1956 9514
7468 5779 7491
7471 186 9532
7471 7861 8630
7472 4653 7885
7473 6076 8624
7473 9379 7895
7475 3564 9713
7477 6829 9360
7478 7271 9429
7479 3129 8707
7481 7530 9922
7486 3332 9434
7486 809 8341
7488 9526 8576
7494 4228 9106
7495 5948 8420
7497 8504 9478
7497 8901 8292
7502 2801 7831
7504 961 8330
7505 5374 9132
7507 2279 8914
7508 4116 8563
7508 7552 9658
7509 1463 7770
7510 7947 8195
7510 8986 7883
7511 9047 9575
7513 29 8827
7513 456 8209
7514 5891 9409
7515 2375 7565
7516 4988 9201
7519 8682 8487
7524 9771 8688
7525 6948 7685
7528 8040 7981
7531 4957 8460
7534 7814 8926
7538 9037 9601
7540 2940 7583
7545 4090 8277
7551 2873 8236
7552 1053 9086
7552 7713 8542
7554 6381 8303
7554 2637 7586
7559 2702 9983
7561 3816 9363
7562 2104 9332
7562 6596 8874
7564 2126 9345
7564 7384 8918
7568 7196 7884
7572 3680 9143
7575 802 9190
7575 3286 9014
7575 7852 8507
7578 521 8987
7582 7306 7673
7582 4135 7667
7583 5481 8433
7584 5457 8614
7585 7641 9489
7594 7583 7943
7594 2673 8824
7595 1385 9786
7597 6646 8702
7597 2379 8116
7600 8201 7786
7601 939 8170
7604 1087 9601
7606 6685 9388
7607 1051 8919
7607 4373 8517
7608 1504 7673
7610 618 8099
7610 2176 9892
7612 6994 7962
7615 9079 7744
7618 6512 7866
7619 5275 9886
7620 5631 9196
7621 957 7975
7624 2919 9688
7628 5086 9275
7630 3968 9016
7630 2609 8802
7630 6576 9516
7632 9604 9471
7633 4174 9762
7639 3426 9921
7639 5367 9002
7640 7183 8105
7643 6780 7947
7645 5042 8281
7646 8101 8521
7647 6935 8463
7650 7934 8265
7654 212 7947
7655 169 8553
7657 5793 8898
7657 8145 9488
7659 5949 8354
7662 2493 8042
7662 4285 9376
7663 9477 8261
7666 5065 8077
7668 8979 9609
7671 4335 9608
7673 3439 9776
7674 8944 8027
7675 6607 8054
7675 9769 7889
7680 1421 9212
7680 8375 8565
7685 3635 9480
7686 7020 8812
7686 3492 9565
7688 6337 9143
7689 57 9333
7689 5544 9586
7689 1876 7971
7697 8880 8756
7699 2292 9019
7700 1692 9905
7700 7479 9190
7702 4097 9910
7702 7337 8064
7705 6333 8451
7706 9117 8423
7706 6509 9340
7706 9271 8880
7708 1151 9469
7712 8371 9400
7713 4871 8485
7717 4253 9284
7722 8461 8253
7722 4010 8247
7723 2597 8492
7724 3434 8256
7725 6169 9742
7732 9312 8121
7736 3946 8108
7739 8442 9131
7743 5471 8630
7743 7806 8973
7747 914 7871
7752 6631 8895
7752 6229 9137
7763 783 9890
7765 5050 9491
7767 272 8860
7771 4979 9551
7772 1322 8869
7774 3196 7801
7775 4104 9918
7775 7921 9996
7775 1125 7826
7778 4177 8748
7784 453 7963
7785 3339 8491
7785 6329 9987
7786 7765 8519
7789 464 9893
7792 582 7843
7792 2885 8881
7793 8850 9358
7794 978 9897
7799 3314 9875
7806 4022 9044
7806 176 9552
7807 1556 8487
7809 5468 8562
7819 7098 8121
7821 6397 9604
7824 9481 9347
7826 3790 9881
7827 6989 8914
7830 58 9503
7833 8966 9700
7835 45 9164
7835 399 9776
7839 7218 7946
7842 6997 9399
7844 1528 8555
7848 4866 8879
7848 52 9323
7848 5282 8454
7848 3364 8691
7852 2698 8804
7855 444 8172
7857 6216 8915
7861 7784 8774
7862 2503 9882
7865 8698 9202
7868 4744 9672
7870 972 8984
7871 917 8758
7877 8906 9903
7877 9424 9707
7877 1056 8114
7877 8416 8696
7881 8653 9940
7883 4724 8290
7884 6902 8458
7887 7368 8658
7887 7222 9042
7890 1104 9275
7895 9051 8630
7896 2860 8349
7896 2021 9648
7898 8410 8559
7900 6567 8213
7900 7331 9641
7900 1089 7972
7902 4860 9168
7903 8584 7990
7907 3678 9502
7911 8277 9094
7914 5063 8022
7923 6782 8860
7923 9853 8918
7923 7034 9885
7928 8572 9519
7928 7774 8500
7929 1284 7939
7934 3653 8680
7937 1466 8766
7942 8703 9417
7945 9330 9628
7945 2669 9730
7947 5513 8015
7948 2615 8337
7948 3240 9510
7949 5848 9257
7953 2458 9267
7955 6078 9662
7955 4719 9554
7956 2028 9858
7958 3108 9405
7961 7182 9774
7961 732 8566
7962 1094 9513
7964 157 9132
7965 5089 9649
7967 8159 7975
7967 9935 9598
7969 6661 8754
7972 9169 9096
7974 8169 9770
7977 6458 9874
7980 2849 9233
7980 5241 8206
7981 8545 9553
7981 8372 8238
7981 3585 9651
7981 490 8072
7988 6072 9629
7989 3930 8842
7991 1444 9908
7994 1408 8394
7997 8309 9669
8002 2761 8548
8002 5583 9187
8003 5219 9654
8004 615 9581
8007 2006 8325
8012 4618 9457
8019 9518 9367
8021 4305 8419
8031 9975 8134
8032 4505 9212
8033 5311 9773
8035 5459 9642
8036 2163 9643
8036 4261 9748
8036 7519 8441
8037 3998 9447
8043 3680 9036
8043 1054 8963
8046 9464 8420
8053 9059 8192
8053 2139 9500
8059 5452 9250
8061 2758 9381
8063 5710 9850
8064 8945 8485
8066 3108 8205
8074 6991 8884
8077 6100 9469
8081 4334 9461
8084 6324 9652
8084 9012 9895
8090 7189 8696
8091 2705 9674
8092 8296 8831
8094 6789 8656
8094 1729 8672
8094 1463 8675
8094 3419 9563
8095 5359 9128
8096 7436 9882
8096 9331 9390
8099 7824 8750
8100 8496 9848
8101 6549 9541
8101 5301 9201
8104 1106 8430
8104 8495 8879
8105 1232 9479
8106 7068 8632
8108 6708 8945
8109 6010 9536
8109 787 9053
8109 560 9606
8112 1048 8289
8116 7010 8193
8117 8948 8554
8124 9368 8409
8125 5833 9972
8130 5284 8930
8132 9386 8871
8133 8124 9722
8133 657 9533
8136 9861 9494
8138 6536 9583
8142 6281 9248
8143 1029 9864
8144 3100 8282
8145 8780 8533
8147 4873 8177
8148 5696 8160
8149 9692 8252
8151 4508 8810
8151 6922 9390
8152 4449 8729
8154 3398 8709
8154 1880 8399
8154 3334 9617
8156 4023 8835
8156 3414 8608
8157 2155 9052
8157 9334 8780
8160 4804 8525
8161 7390 8703
8162 5730 9674
8163 3245 8677
8170 1027 9293
8174 1631 8648
8174 7636 9083
8175 6513 8242
8176 7282 9720
8177 5546 9290
8179 4083 8544
8180 1261 9204
8180 682 8960
8181 6878 8766
8181 3060 9276
8194 5478 9319
8196 9312 9392
8196 9298 9492
8198 1275 9248
8203 8394 9824
8203 4731 8793
8203 7129 9712
8203 4794 9773
8205 3467 9317
8208 2749 9025
8209 7355 8905
8211 4231 9902
8213 1261 9891
8220 8926 8429
8223 3926 8330
8226 4948 9949
8227 9105 9251
8227 6784 9956
8229 6548 9550
8231 1669 8310
8232 3438 9569
8233 4967 9618
8233 5702 9756
8235 2474 8252
8236 1806 8606
8236 8661 9071
8238 2549 8744
8238 9566 8443
8240 1301 9321
8241 2478 9571
8247 9014 8444
8248 4497 9293
8250 6777 9157
8250 5118 9213
8251 6736 9563
8256 7241 9722
8262 5963 9808
8264 5984 10000
8265 7382 8439
8266 9525 9784
8267 1809 9313
8268 5511 9798
8270 6902 9469
8275 5172 9017
8277 9418 9609
8279 2304 9715
8280 9298 8619
8286 5875 8992
8287 2085 8408
8287 8059 9740
8288 3622 9563
8289 1178 9456
8290 1581 8453
8295 1709 9827
8297 9371 8731
8297 5831 8331
8298 4326 8541
8299 502 9008
8300 9085 8756
8301 7306 8490
8305 3051 9473
8306 2825 9151
8313 7923 9247
8313 5280 8362
8316 9008 8665
8318 6335 9491
8319 9535 8507
8319 9912 8373
8321 720 8475
8323 3044 9424
8324 8036 9603
8326 6847 9545
8327 4864 8824
8328 1853 9702
8329 657 9031
8331 4017 9374
8331 92 9610
8332 9231 9682
8332 7318 9807
8335 2939 9493
8336 6680 9006
8338 9690 8475
8342 3245 9394
8344 7584 8503
8351 3926 8847
8353 2385 9761
8354 7433 9340
8355 3869 9611
8355 2274 8854
8356 5753 8574
8356 3298 9545
8359 8210 9973
8365 3124 8650
8374 7220 8525
8384 1821 9802
8393 9796 9580
8402 3442 8966
8404 2253 8864
8404 9704 9570
8408 7545 9889
8410 7552 8883
8412 8382 9590
8412 9738 9620
8414 320 9197
8416 1825 9831
8416 3953 9898
8418 2970 9915
8422 7333 8960
8427 3753 8540
8432 3409 8641
8433 7321 9850
8435 2695 8591
8436 1033 9857
8442 2490 9030
8449 9236 9782
8452 7972 8864
8455 7645 8805
8456 350 9836
8457 1699 8592
8459 6469 9995
8460 2299 8531
8462 9909 9156
8463 7197 8922
8463 477 9445
8464 4856 9823
8464 7724 8839
8466 3604 9086
8467 5351 9560
8470 7907 9456
8470 9105 8764
8472 8134 9513
8472 7088 8909
8473 8497 9284
8474 427 9233
8476 3467 9555
8486 4251 8509
8491 7137 9935
8493 5868 8972
8493 4192 9807
8495 3647 9322
8497 2536 9433
8498 5539 8983
8499 1482 9871
8503 7436 9316
8503 4521 9882
8511 2954 9246
8513 4205 9171
8516 3014 9028
8517 9816 8929
8517 4008 9111
8519 1299 8541
8519 1689 9994
8520 8517 9622
8524 2539 9183
8525 4306 8914
8525 5944 9523
8528 7567 9900
8531 6652 8715
8532 5285 9539
8537 245 9055
8540 3220 9426
8541 235 9224
8542 6555 8751
8543 3559 8680
8545 1197 9113
8546 2961 9694
8546 6805 8679
8546 398 9377
8547 4279 9522
8552 2454 9928
8553 5278 8823
8559 4596 8636
8560 1694 8590
8563 2928 9907
8566 6304 9733
8567 8557 9516
8577 3207 8848
8578 1521 8669
8581 3677 9738
8582 3758 9774
8582 6324 9547
8583 932 9358
8583 610 9312
8583 4375 9676
8589 4211 8647
8589 5465 9999
8594 8769 9297
8597 366 8749
8598 2756 9000
8602 1830 8821
8602 8345 9546
8603 6920 8650
8604 7320 9902
8605 7091 9832
8606 316 9109
8607 2374 9522
8608 7365 9758
8610 2593 9942
8611 3931 8662
8615 603 9174
8618 5057 9349
8618 1207 8992
8621 121 8927
8625 756 9652
8627 4425 9147
8627 1234 9067
8628 2536 9989
8631 2478 9632
8634 8321 9717
8641 8029 9734
8644 9439 9817
8649 3803 9607
8650 4432 8710
8651 8380 9055
8656 3028 8684
8657 9911 9302
8657 5748 9254
8660 2311 9208
8661 5098 9554
8662 5863 9455
8664 7422 8689
8664 9793 9618
8667 3044 8788
8668 6812 8862
8668 8331 9411
8673 4356 8706
8678 1212 8995
8678 6504 9943
8678 8332 8844
8679 1292 9423
8680 6345 9662
8682 2422 8731
8685 5259 9479
8685 4037 9396
8687 5945 9481
8688 1251 9894
8688 6002 8727
8693 2813 9732
8695 897 9182
8698 1967 8720
8698 7787 9136
8701 6286 9059
8704 9539 9278
8705 4147 9467
8708 6388 9839
8708 791 8963
8708 6441 9537
8709 804 9738
8710 6880 9319
8711 5567 9378
8717 3966 9697
8719 8493 9268
8720 6764 9164
8729 9133 9788
8732 9036 9452
8733 4854 9448
8733 2537 9382
8734 8094 9178
8739 3796 9805
8739 6104 9403
8740 6234 9429
8740 6534 8826
8741 6829 9994
8746 5092 9284
8750 9413 9062
8750 6448 9254
8751 4270 8804
8752 3567 9001
8752 6655 9507
8756 25 8848
8756 4403 9559
8757 4850 9069
8758 7160 9081
8758 717 8862
8759 2947 9610
8759 8177 9749
8765 8464 9631
8766 6872 9456
8767 5523 9780
8771 2178 9204
8772 5761 9858
8774 4479 9149
8777 9161 9969
8784 7091 9125
8785 8336 9646
8787 548 9411
8789 1489 9840
8790 1234 9626
8792 7613 9187
8794 3842 9034
8797 3753 9948
8799 6480 9440
8800 7992 8818
8803 6236 9718
8804 9113 8866
8805 3469 9584
8810 9903 9455
8815 560 9302
8817 7795 9465
8817 9698 9329
8820 5212 9874
8822 1856 9797
8823 6002 9684
8828 5685 9045
8829 6818 8979
8832 7760 9208
8832 4277 9669
8834 3540 9738
8834 7001 9265
8836 3313 9904
8837 94 9276
8843 7882 9636
8847 1768 9721
8848 742 9725
8848 889 9850
8853 7548 9427
8853 9999 9504
8858 6381 9995
8861 9542 9238
8861 6326 9623
8862 8627 9655
8866 4974 9256
8867 9999 9932
8869 2484 9516
8870 5077 9946
8870 9236 9222
8875 7701 9106
8876 2057 8917
8877 6578 9394
8878 4483 9060
8880 7683 9081
8881 1280 9104
8881 7756 9521
8885 3763 9777
8890 4188 9692
8893 8459 9651
8899 1560 9741
8901 9283 9464
8904 8254 9554
8904 3455 9161
8912 9666 9100
8916 6082 9391
8916 1452 9056
8917 2914 9470
8917 8399 9675
8917 5601 9721
8918 6789 9743
8918 4300 9575
8921 3347 9567
8921 2313 9958
8924 6087 9401
8924 6177 9101
8926 5587 9062
8928 88 8955
8932 376 9419
8932 6614 9459
8933 7685 9651
8934 3783 9282
8934 2493 9761
8936 81 9011
8937 5034 9893
8937 9529 9907
8938 2966 9617
8939 5992 9145
8942 1031 9971
8944 4993 9840
8946 8155 9261
8946 9771 9884
8946 2457 9888
8949 8597 9012
8950 1840 9093
8958 57 8979
8958 8689 9463
8959 7489 9141
8962 5440 9851
8964 7506 9663
8967 1400 9899
8967 866 9696
8970 7522 9625
8970 4071 9361
8978 5806 9766
8982 8417 9869
8983 4614 9803
8984 8423 9262
8987 2498 9387
8988 8331 9894
8989 6250 9624
8990 9978 9587
8991 3000 9305
8991 3934 9917
8994 3803 9452
8994 3058 9546
8996 2416 9538
8996 5703 9825
8998 6472 9260
9001 504 9423
9003 2299 9678
9004 8169 9985
9005 953 9318
9006 5149 9017
9007 2723 9013
9008 9831 9450
9008 3840 9654
9010 2080 9962
9010 8477 9774
9011 4350 9471
9011 1416 9951
9015 324 9057
9015 6936 9959
9019 1284 9886
9021 9171 9200
9022 1359 9414
9022 9865 9929
9024 6496 9611
9025 7475 9145
9025 2022 9542
9028 1603 9667
9031 8343 9975
9033 8898 9574
9034 9100 9461
9035 9982 9532
9036 7442 9410
9039 4285 9586
9040 3149 9921
9047 5958 9172
9048 2865 9350
9049 148 9272
9050 3628 9775
9051 1762 9253
9053 9243 9813
9054 8321 9700
9055 4519 9199
9062 9352 9694
9065 3027 9169
9065 6443 9457
9065 4451 9902
9067 9852 9643
9069 2198 9473
9073 4664 9837
9074 9225 9706
9074 4602 9211
9078 9547 9508
9080 8733 9901
9081 8067 9770
9082 2311 9236
9083 8234 9926
9088 8866 9107
9089 6666 9214
9089 7552 9677
9089 7720 9461
9090 6467 9282
9090 9183 9835
9091 7055 9911
9094 337 9333
9095 3952 9961
9096 1336 9389
9098 7148 9558
9102 3958 9853
9103 7012 9542
9108 7010 9291
9108 4259 9574
9108 6590 9860
9108 8231 9552
9109 60 9263
9109 5612 9445
9111 7159 9729
9117 6308 9689
9117 5598 9888
9117 8760 9200
9118 4523 9407
9120 7280 9805
9120 6091 9717
9123 6945 9342
9123 9045 9305
9124 6842 9874
9125 8256 9853
9130 8596 9809
9130 871 9820
9134 8298 9924
9138 1012 9956
9139 8192 9526
9139 5077 9889
9140 1596 9748
9145 3007 9354
9146 8363 9756
9148 8344 9850
9152 1385 9875
9153 1482 9937
9158 2245 9920
9164 9732 9434
9165 5009 9335
9168 2928 9832
9170 5653 9829
9170 1885 9299
9175 7416 9385
9181 6010 9430
9182 6942 9583
9183 7599 9264
9185 1415 9308
9185 4384 9613
9186 36 9873
9193 4810 9209
9193 737 9284
9198 122 9210
9198 3433 9810
9200 464 9901
9202 7863 9814
9213 1762 9338
9214 8030 9500
9216 6647 9418
9216 2797 9259
9218 5901 9679
9220 7872 9985
9222 6952 9506
9222 2677 9933
9224 6166 9226
9224 8780 9312
9226 2886 9914
9228 6860 9615
9228 245 9549
9229 9801 9614
9233 9552 9929
9237 3256 9867
9242 7540 9761
9243 2029 9556
9243 8024 9432
9244 758 9893
9245 9112 9422
9249 9171 9435
9251 3036 9691
9252 6326 9752
9252 5363 9667
9253 1362 9677
9262 2140 9352
9262 2016 9958
9263 808 9368
9269 9367 9424
9270 2470 9524
9282 2778 9708
9283 1023 9657
9286 7861 9409
9296 7899 9469
9296 3448 9734
9297 9086 9843
9297 7570 9866
9302 8659 9980
9304 2893 9762
9305 3867 9975
9308 7537 9906
9312 4561 9526
9314 141 9454
9320 7921 9598
9320 4844 9884
9321 6897 9830
9323 6138 9639
9323 3863 9741
9323 8709 9783
9328 208 9975
9330 7090 9866
9332 3783 9399
9333 2718 9950
9334 1001 9552
9335 5339 9392
9336 6074 9389
9336 2005 9742
9338 4072 9827
9338 4090 9545
9339 7315 9955
9343 8782 9807
9344 8098 9913
9348 9913 9869
9352 1968 9581
9354 9781 9642
9354 5702 9781
9357 4509 9591
9360 4540 9687
9360 8441 9685
9366 8501 9986
9369 3679 9998
9371 9686 9759
9372 4424 9721
9375 3744 9413
9375 2138 9858
9375 6180 9504
9375 9788 9942
9380 1302 9995
9380 5274 9826
9384 2400 9561
9385 9519 9988
9386 1868 9395
9387 767 10000
9394 2337 9826
9395 9011 9720
9399 6664 9425
9400 8155 9613
9400 425 9455
9401 8578 9411
9405 2641 9670
9405 6005 9728
9405 2260 9828
9406 3291 9971
9409 9897 9662
9410 855 9912
9411 1182 9613
9413 4054 9674
9415 3721 9583
9417 1657 9454
9418 8003 9995
9419 8116 9978
9421 844 9778
9425 6798 9970
9430 209 9798
9431 7999 9945
9433 8297 9736
9437 2923 9648
9441 3356 9982
9443 7771 9998
9451 4116 9840
9459 1273 9753
9462 7571 9489
9464 9624 9607
9466 9623 9815
9469 273 9633
9475 2604 9884
9476 9496 9861
9476 9954 9923
9477 9015 9531
9477 851 9994
9479 4378 9742
9481 9903 9902
9481 6360 9977
9484 7488 9498
9489 2639 9909
9490 1745 9624
9495 4294 9666
9501 4184 9693
9501 4659 9608
9503 1935 9782
9504 6795 9869
9511 1476 9882
9513 5848 9980
9517 4828 9953
9517 1086 9801
9520 8403 9699
9522 9067 9562
9524 2065 9603
9527 4873 9559
9527 8159 9534
9532 8456 9791
9532 625 9706
9533 2491 9901
9534 5860 9691
9535 7893 9794
9535 9746 9860
9535 5284 9955
9539 3393 9651
9542 9000 9695
9546 3861 9567
9547 1641 9869
9550 2256 9946
9551 4259 9990
9552 2323 9670
9555 7617 9849
9556 9144 9937
9558 1046 9792
9561 9540 9566
9561 4990 9893
9561 153 9651
9563 7251 9685
9573 6652 9766
9578 7493 9672
9584 6037 9825
9587 9222 9887
9588 796 9931
9589 5602 9643
9590 5374 9699
9592 6283 9641
9596 4619 9810
9597 9987 9936
9597 7958 9854
9598 928 9989
9602 4330 9941
9602 2349 9849
9604 6191 9787
9607 1447 9639
9608 2403 9757
9610 3248 9707
9613 200 9923
9613 5858 9836
9619 200 9983
9619 4888 9729
9628 5364 9959
9631 1704 9643
9636 9169 9829
9636 2850 9759
9636 4223 9663
9642 7070 9810
9643 5373 9972
9645 6261 9779
9648 8485 9656
9651 6561 9685
9651 9146 9661
9651 7679 9841
9653 6670 9655
9656 5899 9660
9658 1462 9742
9659 2421 9723
9659 5521 9889
9660 4406 9814
9663 910 9867
9664 5755 9739
9664 2001 9809
9664 1180 9994
9664 9942 9687
9667 2442 9833
9668 6058 9715
9669 9461 9794
9671 9903 9686
9673 2134 9892
9673 8483 9945
9676 197 9677
9684 6423 9950
9685 7458 9727
9688 3673 9691
9689 6589 9748
9693 5019 9910
9695 7279 9906
9698 4871 9788
9700 2664 9733
9701 3850 9715
9703 9071 9920
9705 112 9829
9705 4737 9850
9705 7459 9969
9706 3915 9958
9712 4846 9984
9716 8896 9917
9717 8831 9749
9718 8197 9896
9720 6741 9856
9720 2081 9967
9722 2120 9995
9725 2093 9776
9726 9368 9791
9727 9489 9959
9727 3468 9886
9728 7091 9953
9729 1239 9991
9730 5371 9946
9730 9649 9816
9732 8762 9883
9736 5201 9770
9744 5507 9761
9747 9047 9855
9748 6136 9924
9751 7432 9982
9755 9013 9820
9756 7095 9777
9758 1869 9893
9764 2488 9909
9764 2887 9920
9764 8883 9787
9765 8860 9771
9767 7591 9984
9768 2743 9819
9771 5629 9784
9774 67 9886
9775 8915 9991
9781 7289 9927
9782 961 9894
9786 2419 9973
9787 1713 9968
9787 8932 9887
9787 6328 9808
9788 4955 9902
9788 8153 9959
9792 9664 9874
9796 8414 9969
9797 5681 9812
9797 3149 9812
9798 914 9924
9798 2501 9922
9801 6109 9813
9802 8804 9980
9803 940 9828
9803 3153 9961
9809 9230 9824
9811 2477 9923
9812 1034 9964
9812 699 9999
9812 9240 9815
9816 525 9827
9817 8427 10000
9820 6226 9889
9820 2756 9888
9820 3405 9826
9822 4675 9953
9822 6815 9987
9824 9965 9995
9825 7369 9944
9826 4570 9981
9826 4266 9948
9833 869 9905
9833 5531 10000
9835 9677 9899
9844 4232 9864
9845 965 9911
9848 2576 9910
9850 74 9995
9851 8876 9890
9856 6811 9945
9857 7924 9879
9858 8838 9904
9859 51 9886
9860 3994 9892
9864 3219 10000
9864 1054 9924
9866 4704 9901
9866 1063 9897
9870 783 9942
9870 5202 9982
9872 9730 9912
9873 8808 9972
9874 9886 9925
9874 3829 9923
9878 8243 9927
9881 3052 9935
9883 1453 9894
9890 8570 9994
9890 2390 9976
9892 9562 9987
9892 5237 9928
9899 279 9924
9900 4935 9939
9901 8812 9996
9902 6085 9995
9902 2122 9911
9904 8997 9940
9906 8662 9999
9906 1399 9975
9910 67 9944
9913 5322 9942
9915 2526 9935
9917 9941 9996
9926 3015 9999
9928 6033 9968
9929 4662 9962
9933 4557 9936
9933 3472 9956
9935 390 9963
9938 6966 9975
9940 798 9994
9941 574 9977
9941 4553 9998
9945 1595 9966
9945 9687 9976
9946 813 9995
9947 2654 9951
9947 4498 9952
9949 9907 9997
9952 4461 9998
9952 8882 9992
9956 9144 9975
9962 5094 9963
9963 6762 9984
9963 6435 9975
9965 3414 9994
9966 2873 9969
9966 6131 9990
9966 5481 9986
9967 1030 9968
9967 5311 9984
9970 4889 9980
9976 5049 9977
9982 3188 9997
9988 305 9997
9992 2163 9995
9992 6991 9993
9993 2021 9998
9995 9651 9997
9996 3936 9999
9996 1269 10000
9998 6304 9999
9999 5805 10000
